0   1
0.07   1.0815071434910102
0.14   1.173619787026391
0.21000000000000002   1.2770803156092485
0.28   1.392683081192906
0.35000000000000003   1.5212780403674198
0.42000000000000004   1.6637746466841492
0.49000000000000005   1.8211460154430497
0.56   1.9944333800150733
0.6300000000000001   2.1847508601071386
0.7000000000000002   2.3932905638056483
0.7700000000000002   2.621328046763054
0.8400000000000003   2.870228153527478
0.9100000000000004   3.1414512677654116
0.9800000000000004   3.4365600000000005
