0   1
0.005   1.0051045508236096
0.01   1.0102596244013373
0.015   1.0154654733469537
0.02   1.020722351537298
0.025   1.0260305141185941
0.030000000000000002   1.0313902175127967
0.035   1.0368017194239703
0.04   1.0422652788446998
0.045   1.047781156062533
0.049999999999999996   1.0533496126664552
0.05499999999999999   1.0589709115533972
0.05999999999999999   1.0646453169347738
0.06499999999999999   1.0703730943430574
0.06999999999999999   1.0761545106383823
0.075   1.081989834015184
0.08   1.0878793340088695
0.085   1.0938232815025235
0.09000000000000001   1.0998219487336458
0.09500000000000001   1.1058756093009237
0.10000000000000002   1.111984538171038
0.10500000000000002   1.1181490116855028
0.11000000000000003   1.12436930756754
0.11500000000000003   1.1306457049289873
0.12000000000000004   1.136978484277242
0.12500000000000003   1.1433679275222377
0.13000000000000003   1.1498143179834586
0.13500000000000004   1.1563179403969854
0.14000000000000004   1.16287908092258
0.14500000000000005   1.1694980271508024
0.15000000000000005   1.1761750681101661
0.15500000000000005   1.1829104942743267
0.16000000000000006   1.189704597569308
0.16500000000000006   1.1965576713807642
0.17000000000000007   1.2034700105612777
0.17500000000000007   1.2104419114376936
0.18000000000000008   1.2174736718184918
0.18500000000000008   1.2245655910011939
0.19000000000000009   1.2317179697798095
0.1950000000000001   1.2389311104523182
0.2000000000000001   1.2462053168281895
0.2050000000000001   1.25354089423594
0.2100000000000001   1.2609381495307295
0.2150000000000001   1.2683973911019928
0.2200000000000001   1.2759189288811124
0.22500000000000012   1.2835030743491276
0.23000000000000012   1.291150140544483
0.23500000000000013   1.298860442070815
0.24000000000000013   1.3066342951047787
0.24500000000000013   1.3144720174039122
0.2500000000000001   1.3223739283145415
0.2550000000000001   1.3303403487797238
0.2600000000000001   1.3383716013472322
0.2650000000000001   1.3464680101775781
0.27000000000000013   1.3546299010520757
0.27500000000000013   1.3628576013809457
0.28000000000000014   1.3711514402114602
0.28500000000000014   1.3795117482361272
0.29000000000000015   1.3879388578009175
0.29500000000000015   1.3964331029135317
0.30000000000000016   1.404994819251709
0.30500000000000016   1.4136243441715772
0.31000000000000016   1.4223220167160449
0.31500000000000017   1.4310881776232347
0.3200000000000002   1.4399231693349606
0.3250000000000002   1.448827336005245
0.3300000000000002   1.457801023508881
0.3350000000000002   1.466844579450035
0.3400000000000002   1.4759583531708949
0.3450000000000002   1.485142695760359
0.3500000000000002   1.4943979600627706
0.3550000000000002   1.5037245006866942
0.3600000000000002   1.5131226740137373
0.3650000000000002   1.5225928382074156
0.3700000000000002   1.5321353532220623
0.3750000000000002   1.5417505808117822
0.3800000000000002   1.5514388845394507
0.38500000000000023   1.5612006297857577
0.39000000000000024   1.5710361837582962
0.39500000000000024   1.5809459155006973
0.40000000000000024   1.5909301959018105
0.40500000000000025   1.6009893977049292
0.41000000000000025   1.6111238955170635
0.41500000000000026   1.6213340658182585
0.42000000000000026   1.6316202869709595
0.42500000000000027   1.641982939229424
0.43000000000000027   1.652422404749181
0.4350000000000003   1.6629390675965365
0.4400000000000003   1.673533313758129
0.4450000000000003   1.6842055311505293
0.4500000000000003   1.6949561096298915
0.4550000000000003   1.7057854410016506
0.4600000000000003   1.7166939190302686
0.4650000000000003   1.7276819394490295
0.4700000000000003   1.7387498999698843
0.4750000000000003   1.7498982002933434
0.4800000000000003   1.7611272421184199
0.4850000000000003   1.7724374291526217
0.4900000000000003   1.7838291671219944
0.49500000000000033   1.795302863781214
0.5000000000000003   1.8068589289237298
0.5050000000000003   1.8184977743919581
0.5100000000000003   1.8302198140875277
0.5150000000000003   1.842025463981575
0.5200000000000004   1.8539151421250926
0.5250000000000004   1.8658892686593276
0.5300000000000004   1.8779482658262339
0.5350000000000004   1.8900925579789747
0.5400000000000004   1.9023225715924792
0.5450000000000004   1.9146387352740513
0.5500000000000004   1.9270414797740312
0.5550000000000004   1.939531237996511
0.5600000000000004   1.9521084450101032
0.5650000000000004   1.9647735380587634
0.5700000000000004   1.977526956572667
0.5750000000000004   1.9903691421791398
0.5800000000000004   2.003300538713645
0.5850000000000004   2.016321592230823
0.5900000000000004   2.029432751015587
0.5950000000000004   2.0426344655942748
0.6000000000000004   2.055927188745856
0.6050000000000004   2.0693113755131947
0.6100000000000004   2.0827874832143705
0.6150000000000004   2.096355971454052
0.6200000000000004   2.1100173021349318
0.6250000000000004   2.1237719394692163
0.6300000000000004   2.137620349990172
0.6350000000000005   2.1515630025637327
0.6400000000000005   2.165600368400161
0.6450000000000005   2.1797329210657717
0.6500000000000005   2.19396113649471
0.6550000000000005   2.208285493000793
0.6600000000000005   2.2227064712894067
0.6650000000000005   2.2372245544694636
0.6700000000000005   2.2518402280654204
0.6750000000000005   2.2665539800293573
0.6800000000000005   2.2813663007531138
0.6850000000000005   2.296277683080489
0.6900000000000005   2.311288622319501
0.6950000000000005   2.326399616254708
0.7000000000000005   2.3416111651595912
0.7050000000000005   2.356923771808999
0.7100000000000005   2.372337941491654
0.7150000000000005   2.3878541820227217
0.7200000000000005   2.403473003756445
0.7250000000000005   2.4191949195988367
0.7300000000000005   2.4350204450204407
0.7350000000000005   2.4509500980691525
0.7400000000000005   2.466984399383108
0.7450000000000006   2.4831238722036333
0.7500000000000006   2.499369042388261
0.7550000000000006   2.515720438423812
0.7600000000000006   2.5321785914395405
0.7650000000000006   2.5487440352203476
0.7700000000000006   2.565417306220059
0.7750000000000006   2.582198943574769
0.7800000000000006   2.5990894891162526
0.7850000000000006   2.6160894873854437
0.7900000000000006   2.6331994856459806
0.7950000000000006   2.65042003389782
0.8000000000000006   2.667751684890919
0.8050000000000006   2.685194994138983
0.8100000000000006   2.702750519933288
0.8150000000000006   2.7204188233565643
0.8200000000000006   2.7382004682969567
0.8250000000000006   2.756096021462051
0.8300000000000006   2.774106052392971
0.8350000000000006   2.7922311334785457
0.8400000000000006   2.810471839969548
0.8450000000000006   2.828828749993005
0.8500000000000006   2.84730244456658
0.8550000000000006   2.8658935076130225
0.8600000000000007   2.8846025259746972
0.8650000000000007   2.9034300894281806
0.8700000000000007   2.922376790698931
0.8750000000000007   2.941443225476035
0.8800000000000007   2.960629992427025
0.8850000000000007   2.97993769321277
0.8900000000000007   2.9993669325024435
0.8950000000000007   3.0189183179885655
0.9000000000000007   3.0385924604021177
0.9050000000000007   3.058389973527738
0.9100000000000007   3.0783114742189865
0.9150000000000007   3.098357582413691
0.9200000000000007   3.118528921149369
0.9250000000000007   3.1388261165787257
0.9300000000000007   3.159249797985229
0.9350000000000007   3.179800597798765
0.9400000000000007   3.2004791516113684
0.9450000000000007   3.221286098193035
0.9500000000000007   3.2422220795076098
0.9550000000000007   3.2632877407287575
0.9600000000000007   3.284483730256011
0.9650000000000007   3.305810699730901
0.9700000000000008   3.327269304053165
0.9750000000000008   3.3488602013970405
0.9800000000000008   3.370584053227635
0.9850000000000008   3.392441524317383
0.9900000000000008   3.41443328276258
0.9950000000000008   3.4365600000000023
