0   1
0.01   1.01042009299146
0.02   1.0210443869128345
0.03   1.0318749237734228
0.04   1.042913766002617
0.05   1.0541629966541033
0.060000000000000005   1.0656247196121043
0.07   1.0773010597996853
0.08   1.0891941633891422
0.09   1.1013061980144936
0.09999999999999999   1.1136393529860986
0.10999999999999999   1.1261958395074196
0.11999999999999998   1.1389778908939538
0.12999999999999998   1.1519877627943533
0.13999999999999999   1.1652277334137568
0.15   1.1787001037393545
0.16   1.192407197768208
0.17   1.20635136273735
0.18000000000000002   1.2205349693561836
0.19000000000000003   1.2349604120412054
0.20000000000000004   1.2496301091530775
0.21000000000000005   1.2645465032360683
0.22000000000000006   1.2797120612598891
0.23000000000000007   1.295129274863948
0.24000000000000007   1.3108006606040474
0.25000000000000006   1.3267287602015478
0.26000000000000006   1.3429161407950234
0.2700000000000001   1.3593653951944336
0.2800000000000001   1.376079142137838
0.2900000000000001   1.3930600265506763
0.3000000000000001   1.410310719807643
0.3100000000000001   1.4278339199971795
0.3200000000000001   1.4456323521886112
0.3300000000000001   1.4637087687019572
0.34000000000000014   1.482065949380437
0.35000000000000014   1.5007067018657012
0.36000000000000015   1.5196338618758183
0.37000000000000016   1.5388502934860364
0.38000000000000017   1.5583588894123568
0.3900000000000002   1.5781625712979404
0.4000000000000002   1.5982642900023798
0.4100000000000002   1.6186670258938636
0.4200000000000002   1.6393737891442621
0.4300000000000002   1.6603876200271648
0.4400000000000002   1.6817115892188965
0.45000000000000023   1.7033487981025455
0.46000000000000024   1.725302379075031
0.47000000000000025   1.7475754958572414
0.48000000000000026   1.7701713438072737
0.49000000000000027   1.7930931502368064
0.5000000000000002   1.8163441747306344
0.5100000000000002   1.8399277094694007
0.5200000000000002   1.8638470795555546
0.5300000000000002   1.8881056433425703
0.5400000000000003   1.912706792767456
0.5500000000000003   1.9376539536865904
0.5600000000000003   1.9629505862149164
0.5700000000000003   1.9886001850685255
0.5800000000000003   2.0146062799106708
0.5900000000000003   2.0409724357012373
0.6000000000000003   2.06770225304971
0.6100000000000003   2.094799368571667
0.6200000000000003   2.122267455248844
0.6300000000000003   2.1501102227927924
0.6400000000000003   2.1783314180121804
0.6500000000000004   2.206934825183762
0.6600000000000004   2.2359242664270598
0.6700000000000004   2.2653036020827906
0.6800000000000004   2.2950767310950786
0.6900000000000004   2.3252475913974893
0.7000000000000004   2.3558201603029243
0.7100000000000004   2.3867984548974137
0.7200000000000004   2.418186532437848
0.7300000000000004   2.4499884907536864
0.7400000000000004   2.4822084686526833
0.7500000000000004   2.5148506463306703
0.7600000000000005   2.547919245785437
0.7700000000000005   2.5814185312347515
0.7800000000000005   2.615352809538559
0.7900000000000005   2.6497264306254045
0.8000000000000005   2.6845437879231184
0.8100000000000005   2.7198093187938097
0.8200000000000005   2.755527504973208
0.8300000000000005   2.7917028730144002
0.8400000000000005   2.8283399947360044
0.8500000000000005   2.8654434876748245
0.8600000000000005   2.903018015543033
0.8700000000000006   2.941068288689923
0.8800000000000006   2.979599064568282
0.8900000000000006   3.018615148205425
0.9000000000000006   3.058121392678939
0.9100000000000006   3.0981226995971882
0.9200000000000006   3.1386240195846202
0.9300000000000006   3.1796303527719263
0.9400000000000006   3.2211467492911057
0.9500000000000006   3.2631783097754767
0.9600000000000006   3.3057301858646917
0.9700000000000006   3.348807580714799
0.9800000000000006   3.3924157495134066
0.9900000000000007   3.4365600000000005
