3   1
3.012   1.064
3.024   1.1275219123505977
3.036   1.1905733257446407
3.048   1.2531616789008095
3.06   1.315294264106315
3.072   1.376978230662344
3.084   1.4382205882352943
3.096   1.4990282101167316
3.108   1.5594078363948964
3.12   1.6193660770404956
3.132   1.6789094149094148
3.144   1.7380442086648982
3.156   1.7967766956216547
3.168   1.8551129945142657
3.18   1.913059108192188
3.192   1.9706209262435677
3.204   2.027804227550007
3.216   2.0846146827743515
3.228   2.141057856783498
3.24   2.197139211008156
3.2520000000000002   2.2528641057414287
3.2640000000000002   2.3082378023780232
3.2760000000000002   2.363265465595832
3.2880000000000003   2.4179521654815765
3.3000000000000003   2.472302879602149
3.3120000000000003   2.526322495023224
3.3240000000000003   2.580015810276679
3.3360000000000003   2.6333875372782916
3.3480000000000003   2.6864423031971527
3.3600000000000003   2.7391846522781766
3.3720000000000003   2.791619047619047
3.3840000000000003   2.843749872902897
3.3960000000000004   2.895581434087983
3.4080000000000004   2.947117961055559
3.4200000000000004   2.9983636092171397
3.4320000000000004   3.0493224610822827
3.4440000000000004   3.099998527788001
3.4560000000000004   3.150395750590872
3.4680000000000004   3.20051800232288
3.4800000000000004   3.2503690888119947
3.4920000000000004   3.2999527502684636
3.5040000000000004   3.3492726626377527
3.5160000000000005   3.398332438921056
3.5280000000000005   3.4471356304642566
3.5400000000000005   3.4956857282162006
3.5520000000000005   3.5439861639571077
3.5640000000000005   3.592040311497938
3.5760000000000005   3.6398514878514874
3.5880000000000005   3.687422954375974
3.6000000000000005   3.7347579178918537
3.6120000000000005   3.7818595317725747
3.6240000000000006   3.828730897009966
3.6360000000000006   3.8753750632549333
3.6480000000000006   3.921795029834109
3.6600000000000006   3.967993746743095
3.6720000000000006   4.013974115616911
3.6840000000000006   4.059738990678238
3.6960000000000006   4.105291179664048
3.7080000000000006   4.150633444731165
3.7200000000000006   4.195768503341319
3.7320000000000007   4.240699029126214
3.7440000000000007   4.285427652733119
3.7560000000000007   4.329956962651497
3.7680000000000007   4.374289506021136
3.7800000000000007   4.418427789422275
3.7920000000000007   4.462374279648166
3.8040000000000007   4.506131404460519
3.8160000000000007   4.549701553328276
3.8280000000000007   4.593087078150111
3.8400000000000007   4.636290293961082
3.8520000000000008   4.679313479623826
3.8640000000000008   4.722158878504674
3.876000000000001   4.764828699135079
3.888000000000001   4.807325115858701
3.900000000000001   4.849650269464512
3.912000000000001   4.891806267806269
3.924000000000001   4.933795186408684
3.936000000000001   4.975619069060619
3.948000000000001   5.017279928395615
3.960000000000001   5.058779746460079
3.972000000000001   5.100120475269412
3.984000000000001   5.141304037352376
3.996000000000001   5.182332326283988
4.008000000000001   5.223207207207207
4.0200000000000005   5.263930517343691
4.032   5.304504066493878
4.044   5.344929637526652
4.055999999999999   5.385208986858839
4.067999999999999   5.425343844924763
4.079999999999998   5.465335916636121
4.091999999999998   5.50518688183238
4.103999999999997   5.544898395721926
4.115999999999997   5.584472089314196
4.127999999999997   5.623909569842976
4.139999999999996   5.663212421181098
4.151999999999996   5.702382204246715
4.163999999999995   5.741420457401358
4.175999999999995   5.780328696839967
4.187999999999994   5.81910841697307
4.199999999999994   5.857761090801305
4.2119999999999935   5.896288170282441
4.223999999999993   5.934691086691088
4.235999999999993   5.972971250971252
4.247999999999992   6.011130054081897
4.259999999999992   6.049168867335672
4.271999999999991   6.087089042730963
4.283999999999991   6.124891913277419
4.2959999999999905   6.16257879331508
4.30799999999999   6.200150978827287
4.31999999999999   6.237609747747468
4.331999999999989   6.274956360259982
4.343999999999989   6.312192059095107
4.355999999999988   6.349318069818338
4.367999999999988   6.386335601114105
4.3799999999999875   6.423245845064027
4.391999999999987   6.460049977419841
4.403999999999987   6.496749157871099
4.415999999999986   6.533344530307769
4.427999999999986   6.569837223077835
4.439999999999985   6.6062283492400145
4.451999999999985   6.64251900681169
4.463999999999984   6.678710279012166
4.475999999999984   6.714803234501348
4.487999999999984   6.750798927613941
4.499999999999983   6.786698398589267
4.511999999999983   6.822502673796791
4.523999999999982   6.858212765957446
4.535999999999982   6.8938296743608545
4.547999999999981   6.929354385078522
4.559999999999981   6.964787871173094
4.5719999999999805   7.000131092903762
4.58399999999998   7.035384997927888
4.59599999999998   7.070550521498946
4.607999999999979   7.105628586660831
4.619999999999979   7.140620104438639
4.631999999999978   7.1755259740259705
4.643999999999978   7.210347082968841
4.6559999999999775   7.245084307346263
4.667999999999977   7.2797385119475715
4.679999999999977   7.314310550446556
4.691999999999976   7.348801265572471
4.703999999999976   7.383211489277982
4.715999999999975   7.417542042904114
4.727999999999975   7.451793737342261
4.7399999999999745   7.485967373193316
4.751999999999974   7.520063740923982
4.763999999999974   7.554083621020325
4.775999999999973   7.58802778413861
4.787999999999973   7.621896991253491
4.799999999999972   7.6556919938035985
4.811999999999972   7.68941353383458
4.823999999999971   7.723062344139644
4.835999999999971   7.756639148397656
4.8479999999999706   7.790144661308833
4.85999999999997   7.823579588728096
4.87199999999997   7.856944627796105
4.883999999999969   7.890240467068045
4.895999999999969   7.923467786640192
4.907999999999968   7.956627258274308
4.919999999999968   7.98971954551991
4.9319999999999675   8.022745303834446
4.943999999999967   8.055705180701432
4.955999999999967   8.088599815746571
4.967999999999966   8.121429840851913
4.979999999999966   8.154195880268087
4.991999999999965   8.186898550724626
5.003999999999965   8.21953846153845
5.0159999999999645   8.25211621472052
5.027999999999964   8.284632405080709
5.039999999999964   8.31708762033092
5.051999999999963   8.349482441186487
5.063999999999963   8.381817441465886
5.075999999999962   8.414093188188795
5.087999999999962   8.446310241672537
5.0999999999999615   8.478469155626911
5.111999999999961   8.510570477247489
5.123999999999961   8.54261474730736
5.13599999999996   8.574602500247371
5.14799999999996   8.606534264264907
5.159999999999959   8.638410561401201
5.171999999999959   8.670231907627242
5.183999999999958   8.701998812928275
5.195999999999958   8.73371178138694
5.2079999999999576   8.76537131126506
5.219999999999957   8.796977895084115
5.231999999999957   8.828532019704419
5.243999999999956   8.860034166403022
5.255999999999956   8.891484810950375
5.267999999999955   8.922884423685762
5.279999999999955   8.954233469591522
5.2919999999999545   8.985532408366105
5.303999999999954   9.016781694495963
5.315999999999954   9.047981777326298
5.327999999999953   9.079133101130694
5.339999999999953   9.110236105179654
5.351999999999952   9.141291223808059
5.363999999999952   9.172298886481565
5.3759999999999515   9.20325951786196
5.387999999999951   9.234173537871506
5.399999999999951   9.265041361756264
5.41199999999995   9.295863400148459
5.42399999999995   9.326640059127845
5.435999999999949   9.357371740282145
5.447999999999949   9.38805884076655
5.4599999999999485   9.418701753362292
5.471999999999948   9.449300866534326
5.483999999999948   9.479856564488122
5.495999999999947   9.510369227225592
5.507999999999947   9.540839230600152
5.519999999999946   9.571266946370958
5.531999999999946   9.6016527422563
5.543999999999945   9.631996981986207
5.555999999999945   9.66230002535423
5.5679999999999445   9.692562228268468
5.579999999999944   9.722783942801794
5.591999999999944   9.752965517241355
5.603999999999943   9.783107296137315
5.615999999999943   9.81320962035086
5.627999999999942   9.843272827101496
5.639999999999942   9.873297250013643
5.6519999999999415   9.903283219162521
5.663999999999941   9.933231061119368
5.675999999999941   9.963141098995981
5.68799999999994   9.993013652488598
5.69999999999994   10.022849037921135
5.711999999999939   10.052647568287783
5.723999999999939   10.082409553294976
5.7359999999999385   10.112135299402754
5.747999999999938   10.141825109865502
5.759999999999938   10.171479284772118
5.771999999999937   10.201098121085568
5.783999999999937   10.230681912681886
5.795999999999936   10.2602309503886
5.807999999999936   10.289745522022601
5.8199999999999354   10.319225912427466
5.831999999999935   10.348672403510239
5.843999999999935   10.378085274277685
5.855999999999934   10.407464800872027
5.867999999999934   10.436811256606157
5.879999999999933   10.46612491199836
5.891999999999933   10.49540603480653
5.903999999999932   10.5246548900619
5.915999999999932   10.553871740102299
5.9279999999999315   10.583056844604926
5.939999999999931   10.61221046061867
5.951999999999931   10.641332842595967
5.96399999999993   10.670424242424208
5.97599999999993   10.699484909456705
5.987999999999929   10.728515090543224
5.999999999999929   10.757515030060084
6.0119999999999285   10.786484969939844
6.023999999999928   10.815425149700562
6.035999999999928   10.844335806474664
6.047999999999927   10.873217175037388
6.059999999999927   10.902069487834858
6.071999999999926   10.93089297501175
6.083999999999926   10.95968786443858
6.0959999999999255   10.988454381738624
6.107999999999925   11.017192750314456
6.119999999999925   11.045903191374123
6.131999999999924   11.074585923956969
6.143999999999924   11.103241164959094
6.155999999999923   11.131869129158472
6.167999999999923   11.160470029239725
6.1799999999999224   11.18904407581856
6.191999999999922   11.217591477465865
6.203999999999922   11.246112440731501
6.215999999999921   11.274607170167743
6.227999999999921   11.303075868352423
6.23999999999992   11.331518735911757
6.25199999999992   11.359935971542866
6.263999999999919   11.388327772035982
6.275999999999919   11.41669433229638
6.2879999999999185   11.445035845365991
6.299999999999918   11.473352502444747
6.311999999999918   11.501644492911623
6.323999999999917   11.52991200434542
6.335999999999917   11.558155222545247
6.347999999999916   11.586374331550758
6.359999999999916   11.614569513662097
6.3719999999999155   11.642740949459599
6.383999999999915   11.670888817823215
6.395999999999915   11.6990132959517
6.407999999999914   11.727114559381524
6.419999999999914   11.755192782005564
6.431999999999913   11.783248136091524
6.443999999999913   11.811280792300137
6.4559999999999125   11.839290919703116
6.467999999999912   11.867278685800873
6.479999999999912   11.895244256540016
6.491999999999911   11.923187796330607
6.503999999999911   11.95110946806321
6.51599999999991   11.979009433125707
6.52799999999991   12.006887851419902
6.539999999999909   12.034744881377916
6.551999999999909   12.062580679978364
6.563999999999909   12.090395402762326
6.575999999999908   12.118189203849118
6.587999999999908   12.145962235951858
6.599999999999907   12.173714650392835
6.611999999999907   12.201446597118679
6.623999999999906   12.229158224715343
6.635999999999906   12.256849680422896
6.6479999999999055   12.284521110150118
6.659999999999905   12.312172658488926
6.671999999999905   12.339804468728605
6.683999999999904   12.36741668286987
6.695999999999904   12.395009441638738
6.707999999999903   12.422582884500248
6.719999999999903   12.450137149671981
6.7319999999999025   12.477672374137438
6.743999999999902   12.505188693659228
6.755999999999902   12.532686242792114
6.767999999999901   12.560165154895872
6.779999999999901   12.587625562148013
6.7919999999999   12.615067595556338
6.8039999999999   12.642491384971333
6.8159999999998995   12.669897059098417
6.827999999999899   12.697284745510043
6.839999999999899   12.724654570657634
6.851999999999898   12.752006659883396
6.863999999999898   12.779341137431965
6.875999999999897   12.806658126461922
6.887999999999897   12.833957749057168
6.899999999999896   12.861240126238153
6.911999999999896   12.888505377972976
6.923999999999896   12.915753623188348
6.935999999999895   12.942984979780416
6.947999999999895   12.970199564625466
6.959999999999894   12.997397493590489
6.971999999999894   13.024578881543624
6.983999999999893   13.051743842364472
6.995999999999893   13.078892488954283
7.0079999999998925   13.106024933246035
7.019999999999892   13.13314128621437
7.031999999999892   13.16024165788543
7.043999999999891   13.187326157346572
7.055999999999891   13.214394892755953
7.06799999999989   13.24144797135202
7.07999999999989   13.268485499462878
7.0919999999998895   13.295507582515546
7.103999999999889   13.322514325045104
7.115999999999889   13.349505830703734
7.127999999999888   13.376482202269656
7.139999999999888   13.403443541655953
7.151999999999887   13.430389949919293
7.163999999999887   13.457321527268556
7.1759999999998865   13.484238373073351
7.187999999999886   13.511140585872436
7.199999999999886   13.538028263382044
7.211999999999885   13.564901502504103
7.223999999999885   13.59176039933437
7.235999999999884   13.618605049170469
7.247999999999884   13.64543554651982
7.259999999999883   13.672251985107502
7.271999999999883   13.699054457884007
7.283999999999883   13.725843057032904
7.295999999999882   13.75261787397843
7.307999999999882   13.779378999392973
7.319999999999881   13.80612652320449
7.331999999999881   13.83286053460382
7.34399999999988   13.859581122051924
7.35599999999988   13.886288373287048
7.3679999999998795   13.912982375331788
7.379999999999879   13.939663214500088
7.391999999999879   13.966330976404151
7.403999999999878   13.99298574596128
7.415999999999878   14.019627607400626
7.427999999999877   14.046256644269878
7.439999999999877   14.072872939441865
7.4519999999998765   14.099476575121084
7.463999999999876   14.126067632850162
7.475999999999876   14.152646193516238
7.487999999999875   14.179212337357278
7.499999999999875   14.205766143968312
7.511999999999874   14.232307692307613
7.523999999999874   14.258837060702795
7.5359999999998735   14.285354326856853
7.547999999999873   14.311859567854123
7.559999999999873   14.338352860166191
7.571999999999872   14.364834279657726
7.583999999999872   14.39130390159225
7.595999999999871   14.417761800637845
7.607999999999871   14.444208050872795
7.61999999999987   14.470642725791176
7.63199999999987   14.49706589830837
7.64399999999987   14.523477640766519
7.655999999999869   14.549878024939936
7.667999999999869   14.576267122040438
7.679999999999868   14.602645002722626
7.691999999999868   14.629011737089117
7.703999999999867   14.655367394695702
7.715999999999867   14.681712044556463
7.7279999999998665   14.708045755148822
7.739999999999866   14.734368594418545
7.751999999999866   14.760680629784687
7.763999999999865   14.786981928144487
7.775999999999865   14.813272555878196
7.787999999999864   14.83955257885388
7.799999999999864   14.86582206243214
7.8119999999998635   14.89208107147081
7.823999999999863   14.918329670329578
7.835999999999863   14.94456792287458
7.847999999999862   14.970795892482926
7.859999999999862   14.997013642047197
7.871999999999861   15.023221233979877
7.883999999999861   15.049418730217742
7.8959999999998605   15.07560619222621
7.90799999999986   15.101783681003639
7.91999999999986   15.127951257085568
7.931999999999859   15.154108980548944
7.943999999999859   15.180256911016269
7.955999999999858   15.206395107659723
7.967999999999858   15.232523629205243
7.979999999999857   15.258642533936552
7.991999999999857   15.284751879699147
8.003999999999857   15.310851723904253
8.015999999999858   15.336942123532726
8.027999999999858   15.363023135138915
8.039999999999859   15.389094814854493
8.05199999999986   15.41515721839224
8.06399999999986   15.441210401049789
8.07599999999986   15.467254417713331
8.08799999999986   15.493289322861285
8.099999999999861   15.519315170567927
8.111999999999862   15.545332014506984
8.123999999999862   15.571339907955188
8.135999999999862   15.597338903795793
8.147999999999863   15.623329054522058
8.159999999999863   15.649310412240697
8.171999999999864   15.675283028675281
8.183999999999864   15.701246955169626
8.195999999999865   15.727202242691122
8.207999999999865   15.753148941834047
8.219999999999866   15.779087102822835
8.231999999999866   15.805016775515323
8.243999999999867   15.830938009405948
8.255999999999867   15.856850853628929
8.267999999999867   15.882755356961402
8.279999999999868   15.908651567826535
8.291999999999868   15.934539534296603
8.303999999999869   15.960419304096034
8.31599999999987   15.986290924604425
8.32799999999987   16.012154442859533
8.33999999999987   16.038009905560227
8.35199999999987   16.063857359069406
8.363999999999871   16.089696849416907
8.375999999999872   16.115528422302365
8.387999999999872   16.14135212309806
8.399999999999872   16.167167996851713
8.411999999999873   16.192976088289278
8.423999999999873   16.218776441817695
8.435999999999874   16.244569101527617
8.447999999999874   16.270354111196102
8.459999999999875   16.296131514289293
8.471999999999875   16.321901353965067
8.483999999999876   16.347663673075647
8.495999999999876   16.3734185141702
8.507999999999877   16.399165919497403
8.519999999999877   16.424905931007988
8.531999999999877   16.45063859035726
8.543999999999878   16.476363938907593
8.555999999999878   16.502082017730885
8.567999999999879   16.527792867611023
8.57999999999988   16.553496529046285
8.59199999999988   16.57919304225175
8.60399999999988   16.60488244716166
8.61599999999988   16.63056478343178
8.627999999999881   16.656240090441717
8.639999999999882   16.681908407297232
8.651999999999882   16.707569772832517
8.663999999999882   16.733224225612453
8.675999999999883   16.758871803934856
8.687999999999883   16.784512545832683
8.699999999999884   16.81014648907624
8.711999999999884   16.83577367117534
8.723999999999885   16.861394129381466
8.735999999999885   16.88700790068991
8.747999999999886   16.91261502184186
8.759999999999886   16.938215529326516
8.771999999999887   16.963809459383157
8.783999999999887   16.989396848003175
8.795999999999887   17.014977730932127
8.807999999999888   17.04055214367174
8.819999999999888   17.066120121481898
8.831999999999889   17.091681699382626
8.84399999999989   17.11723691215604
8.85599999999989   17.142785794348292
8.86799999999989   17.16832838027147
8.87999999999989   17.19386470400551
8.891999999999891   17.21939479940009
8.903999999999892   17.24491870007647
8.915999999999892   17.270436439429364
8.927999999999892   17.295948050628745
8.939999999999893   17.321453566621678
8.951999999999893   17.3469530201341
8.963999999999894   17.372446443672615
8.975999999999894   17.397933869526234
8.987999999999895   17.423415329768144
8.999999999999895   17.448890856257414
9.011999999999896   17.474360480640726
9.023999999999896   17.499824234354065
9.035999999999897   17.5252821486244
9.047999999999897   17.550734254471344
9.059999999999897   17.57618058270882
9.071999999999898   17.601621163946675
9.083999999999898   17.627056028592317
9.095999999999899   17.65248520685231
9.1079999999999   17.677908728733968
9.1199999999999   17.70332662404692
9.1319999999999   17.72873892240469
9.1439999999999   17.754145653226228
9.155999999999901   17.779546845737446
9.167999999999902   17.804942528972735
9.179999999999902   17.83033273177647
9.191999999999902   17.855717482804504
9.203999999999903   17.88109681052564
9.215999999999903   17.906470743223096
9.227999999999904   17.93183930899595
9.239999999999904   17.95720253576059
9.251999999999905   17.98256045125212
9.263999999999905   18.007913083025784
9.275999999999906   18.033260458458358
9.287999999999906   18.058602604749538
9.299999999999907   18.08393954892331
9.311999999999907   18.109271317829315
9.323999999999907   18.134597938144186
9.335999999999908   18.1599194363729
9.347999999999908   18.18523583885009
9.359999999999909   18.21054717174136
9.37199999999991   18.235853461044588
9.38399999999991   18.26115473259121
9.39599999999991   18.286451012047497
9.40799999999991   18.31174232491583
9.419999999999911   18.337028696535942
9.431999999999912   18.362310152086167
9.443999999999912   18.387586716584675
9.455999999999912   18.412858414890685
9.467999999999913   18.438125271705683
9.479999999999913   18.463387311574618
9.491999999999914   18.488644558887085
9.503999999999914   18.51389703787852
9.515999999999915   18.539144772631353
9.527999999999915   18.564387787076168
9.539999999999916   18.589626104992853
9.551999999999916   18.61485975001174
9.563999999999917   18.640088745614722
9.575999999999917   18.665313115136392
9.587999999999917   18.690532881765122
9.599999999999918   18.715748068544183
9.611999999999918   18.740958698372822
9.623999999999919   18.766164794007345
9.63599999999992   18.79136637806219
9.64799999999992   18.816563473010977
9.65999999999992   18.841756101187567
9.67199999999992   18.8669442847871
9.683999999999921   18.892128045867032
9.695999999999922   18.917307406348154
9.707999999999922   18.94248238801561
9.719999999999922   18.967653012519897
9.731999999999923   18.99281930137787
9.743999999999923   19.01798127597373
9.755999999999924   19.043138957560004
9.767999999999924   19.068292367258504
9.779999999999925   19.09344152606131
9.791999999999925   19.11858645483171
9.803999999999926   19.143727174305162
9.815999999999926   19.168863705090217
9.827999999999927   19.19399606766946
9.839999999999927   19.219124282400426
9.851999999999927   19.244248369516523
9.863999999999928   19.26936834912793
9.875999999999928   19.29448424122251
9.887999999999929   19.319596065666683
9.89999999999993   19.34470384220633
9.91199999999993   19.369807590467648
9.92399999999993   19.39490732995804
9.93599999999993   19.42000308006697
9.947999999999931   19.445094860066806
9.959999999999932   19.470182689113688
9.971999999999932   19.495266586248352
9.983999999999932   19.52034657039697
9.995999999999933   19.545422660371976
