2   2.71828
2.01   2.731871390857708
2.0199999999999996   2.745530569295914
2.0299999999999994   2.7592578734056743
2.039999999999999   2.773053642960127
2.049999999999999   2.7869182194229007
2.0599999999999987   2.8008519459565657
2.0699999999999985   2.814855167431125
2.0799999999999983   2.8289282304325476
2.089999999999998   2.8430714832713444
2.099999999999998   2.857285275991184
2.1099999999999977   2.871569960377554
2.1199999999999974   2.885925889966461
2.1299999999999972   2.9003534200531753
2.139999999999997   2.914852907701021
2.149999999999997   2.9294247117502032
2.1599999999999966   2.944069192826685
2.1699999999999964   2.9587867133511034
2.179999999999996   2.9735776375477316
2.189999999999996   2.988442331453485
2.1999999999999957   3.0033811629269707
2.2099999999999955   3.0183945016575824
2.2199999999999953   3.0334827191746396
2.229999999999995   3.0486461888565723
2.239999999999995   3.06388528594015
2.2499999999999947   3.0792003875297578
2.2599999999999945   3.094591872606716
2.2699999999999942   3.1100601220386483
2.279999999999994   3.1256055185888934
2.289999999999994   3.1412284469259655
2.2999999999999936   3.156929293633061
2.3099999999999934   3.172708447217609
2.319999999999993   3.1885662981208744
2.329999999999993   3.2045032387276047
2.3399999999999928   3.220519663375724
2.3499999999999925   3.236615968366078
2.3599999999999923   3.2527925519722243
2.369999999999992   3.2690498144502724
2.379999999999992   3.2853881580487716
2.3899999999999917   3.3018079870186496
2.3999999999999915   3.318309707623197
2.4099999999999913   3.334893728148105
2.419999999999991   3.3515604589115493
2.429999999999991   3.368310312274326
2.4399999999999906   3.385143702650038
2.4499999999999904   3.4020610465153287
2.45999999999999   3.419062762420171
2.46999999999999   3.4361492709982024
2.4799999999999898   3.453320994977116
2.4899999999999896   3.470578359189099
2.4999999999999893   3.487921790581325
2.509999999999989   3.505351718226497
2.519999999999989   3.5228685733334446
2.5299999999999887   3.5404727892577723
2.5399999999999885   3.5581648015125595
2.5499999999999883   3.575945047779116
2.559999999999988   3.593813967917789
2.569999999999988   3.611772003978824
2.5799999999999876   3.629819600213281
2.5899999999999874   3.6479572030840015
2.599999999999987   3.6661852612766337
2.609999999999987   3.6845042257107092
2.619999999999987   3.7029145495507776
2.6299999999999866   3.721416688217593
2.6399999999999864   3.74001109939936
2.649999999999986   3.758698243063029
2.659999999999986   3.7774785814656573
2.6699999999999857   3.7963525791658164
2.6799999999999855   3.8153207030350624
2.6899999999999853   3.834383422269461
2.699999999999985   3.8535412084011704
2.709999999999985   3.872794535310081
2.7199999999999847   3.892143879235513
2.7299999999999844   3.911589718787973
2.7399999999999842   3.9311325349609665
2.749999999999984   3.9507728111428726
2.759999999999984   3.970511033128875
2.7699999999999836   3.990347689132952
2.7799999999999834   4.010283269799929
2.789999999999983   4.030318268217588
2.799999999999983   4.050453179928836
2.8099999999999827   4.0706885029439395
2.8199999999999825   4.091024737752813
2.8299999999999823   4.111462387337372
2.839999999999982   4.132001957183951
2.849999999999982   4.152643955295773
2.8599999999999817   4.17338889220549
2.8699999999999815   4.194237280987785
2.8799999999999812   4.21518963727203
2.889999999999981   4.236246479255016
2.899999999999981   4.257408327713735
2.9099999999999806   4.278675706018241
2.9199999999999804   4.300049140144557
2.92999999999998   4.321529158687661
2.93999999999998   4.343116292874528
2.9499999999999797   4.36481107657724
2.9599999999999795   4.38661404632616
2.9699999999999793   4.408525741323172
2.979999999999979   4.430546703454987
2.989999999999979   4.452677477306516
2.9999999999999787   4.474918610174305
3.0099999999999785   4.497270652080042
3.0199999999999783   4.519734155784131
3.029999999999978   4.542309676799328
3.039999999999978   4.564997773404451
3.0499999999999776   4.587799006658153
3.0599999999999774   4.610713940412768
3.069999999999977   4.633743141328224
3.079999999999977   4.6568871788860235
3.0899999999999768   4.680146625403295
3.0999999999999766   4.703522056046914
3.1099999999999763   4.727014048847696
3.119999999999976   4.750623184714657
3.129999999999976   4.774350047449347
3.1399999999999757   4.798195223760252
3.1499999999999755   4.822159303277274
3.1599999999999753   4.846242878566273
3.169999999999975   4.870446545143693
3.179999999999975   4.89477090149125
3.1899999999999746   4.919216549070699
3.1999999999999744   4.943784092338672
3.209999999999974   4.968474138761595
3.219999999999974   4.993287298830669
3.229999999999974   5.018224186076936
3.2399999999999736   5.043285417086413
3.2499999999999734   5.068471611515307
3.259999999999973   5.093783392105293
3.269999999999973   5.119221384698892
3.2799999999999727   5.144786218254896
3.2899999999999725   5.170478524863893
3.2999999999999723   5.196298939763858
3.309999999999972   5.222248101355826
3.319999999999972   5.248326651219637
3.3299999999999716   5.274535234129766
3.3399999999999714   5.30087449807123
3.3499999999999712   5.327345094255568
3.359999999999971   5.353947677136913
3.369999999999971   5.380682904428132
3.3799999999999706   5.407551437117047
3.3899999999999704   5.4345539394827505
3.39999999999997   5.461691079111983
3.40999999999997   5.488963526915604
3.4199999999999697   5.516371957145141
3.4299999999999695   5.543917047409426
3.4399999999999693   5.571599478691304
3.449999999999969   5.599419935364435
3.459999999999969   5.6273791052101725
3.4699999999999687   5.655477679434533
3.4799999999999685   5.683716352685242
3.4899999999999682   5.712095823068873
3.499999999999968   5.740616792168061
3.509999999999968   5.769279965058813
3.5199999999999676   5.7980860503279
3.5299999999999674   5.827035760090329
3.539999999999967   5.856129810006915
3.549999999999967   5.88536891930193
3.5599999999999667   5.9147538107808435
3.5699999999999665   5.944285210848149
3.5799999999999663   5.973963849525286
3.589999999999966   6.00379046046864
3.599999999999966   6.0337657809876415
3.6099999999999657   6.0638905520629525
3.6199999999999655   6.09416551836474
3.6299999999999653   6.124591428271044
3.639999999999965   6.155169033886237
3.649999999999965   6.185899091059572
3.6599999999999646   6.216782359403829
3.6699999999999644   6.247819602314043
3.679999999999964   6.27901158698634
3.689999999999964   6.310359084436855
3.6999999999999638   6.341862869520747
3.7099999999999635   6.3735237209513125
3.7199999999999633   6.40534242131919
3.729999999999963   6.437319757111663
3.739999999999963   6.469456518732051
3.7499999999999627   6.501753500519212
3.7599999999999625   6.5342115007671255
3.7699999999999623   6.566831321744588
3.779999999999962   6.599613769714991
3.789999999999962   6.6325596549562125
3.7999999999999616   6.665669791780596
3.8099999999999614   6.698944998555035
3.819999999999961   6.732386097721156
3.829999999999961   6.765993915815598
3.839999999999961   6.799769283490405
3.8499999999999606   6.833713035533499
3.8599999999999604   6.86782601088928
3.86999999999996   6.902109052679304
3.87999999999996   6.936563008223085
3.8899999999999597   6.971188729058986
3.8999999999999595   7.00598707096522
3.9099999999999593   7.040958893980952
3.919999999999959   7.076105062427515
3.929999999999959   7.111426444929716
3.9399999999999586   7.146923914437265
3.9499999999999584   7.182598348246296
3.959999999999958   7.218450628021007
3.969999999999958   7.2544816398153955
3.979999999999958   7.290692274095116
3.9899999999999576   7.327083425759435
3.9999999999999574   7.363655994163298
4.009999999999957   7.400410883139511
4.019999999999957   7.437349001021026
4.029999999999957   7.474471260663342
4.0399999999999565   7.5117785794670136
4.049999999999956   7.549271879400275
4.059999999999956   7.586952087021775
4.069999999999956   7.624820133503424
4.079999999999956   7.662876954653357
4.0899999999999554   7.70112349093901
4.099999999999955   7.73956068751031
4.109999999999955   7.778189494222979
4.119999999999955   7.8170108656619615
4.129999999999955   7.8560257611649575
4.139999999999954   7.895235144846083
4.149999999999954   7.934639985619639
4.159999999999954   7.974241257224006
4.169999999999954   8.014039938245652
4.1799999999999535   8.054037012143269
4.189999999999953   8.094233467272012
4.199999999999953   8.13463029690788
4.209999999999953   8.1752284992722
4.219999999999953   8.216029077556247
4.2299999999999525   8.257033039945975
4.239999999999952   8.298241399646882
4.249999999999952   8.339655174908984
4.259999999999952   8.38127538905193
4.269999999999952   8.423103070490233
4.279999999999951   8.46513925275862
4.289999999999951   8.507384974537525
4.299999999999951   8.549841279678695
4.309999999999951   8.592509217230928
4.3199999999999505   8.63538984146594
4.32999999999995   8.678484211904358
4.33999999999995   8.721793393341843
4.34999999999995   8.765318455875345
4.35999999999995   8.809060474929492
4.3699999999999495   8.853020531283095
4.379999999999949   8.897199711095803
4.389999999999949   8.941599105934884
4.399999999999949   8.986219812802133
4.409999999999949   9.031062934160923
4.419999999999948   9.076129577963385
4.429999999999948   9.121420857677725
4.439999999999948   9.166937892315678
4.449999999999948   9.212681806460095
4.459999999999948   9.258653730292673
4.469999999999947   9.304854799621815
4.479999999999947   9.351286155910637
4.489999999999947   9.39794894630511
4.499999999999947   9.444844323662338
4.5099999999999465   9.491973446578987
4.519999999999946   9.539337479419846
4.529999999999946   9.586937592346535
4.539999999999946   9.634774961346352
4.549999999999946   9.68285076826127
4.559999999999945   9.73116620081707
4.569999999999945   9.779722452652624
4.579999999999945   9.828520723349328
4.589999999999945   9.877562218460664
4.599999999999945   9.926848149541936
4.609999999999944   9.976379734180126
4.619999999999944   10.02615819602392
4.629999999999944   10.07618476481387
4.639999999999944   10.12646067641272
4.6499999999999435   10.176987172835856
4.659999999999943   10.227765502281946
4.669999999999943   10.278796919163696
4.679999999999943   10.330082684138784
4.689999999999943   10.381624064140933
4.6999999999999424   10.43342233241115
4.709999999999942   10.485478768529106
4.719999999999942   10.537794658444689
4.729999999999942   10.590371294509701
4.739999999999942   10.643209975509722
4.749999999999941   10.696312006696118
4.759999999999941   10.74967869981823
4.769999999999941   10.803311373155701
4.779999999999941   10.857211351550982
4.7899999999999405   10.911379966441986
4.79999999999994   10.965818555894913
4.80999999999994   11.020528464637232
4.81999999999994   11.075511044090836
4.82999999999994   11.130767652405352
4.8399999999999395   11.186299654491618
4.849999999999939   11.242108422055342
4.859999999999939   11.298195333630899
4.869999999999939   11.354561774615327
4.879999999999939   11.411209137302471
4.889999999999938   11.468138820917305
4.899999999999938   11.525352231650428
4.909999999999938   11.582850782692722
4.919999999999938   11.640635894270188
4.9299999999999375   11.69870899367896
4.939999999999937   11.757071515320481
4.949999999999937   11.81572490073687
4.959999999999937   11.874670598646446
4.969999999999937   11.93391006497945
4.9799999999999365   11.993444762913926
4.989999999999936   12.053276162911786
4.999999999999936   12.113405742755063
5.009999999999936   12.173834987582335
5.019999999999936   12.234565389925333
5.029999999999935   12.295598449745727
5.039999999999935   12.356935674472107
5.049999999999935   12.418578579037133
5.059999999999935   12.480528685914882
5.069999999999935   12.542787525158369
5.079999999999934   12.60535663443727
5.089999999999934   12.668237559075811
5.099999999999934   12.731431852090875
5.109999999999934   12.794941074230266
5.1199999999999335   12.85876679401119
5.129999999999933   12.92291058775891
5.139999999999933   12.987374039645603
5.149999999999933   13.052158741729407
5.159999999999933   13.11726629399366
5.169999999999932   13.18269830438634
5.179999999999932   13.248456388859696
5.189999999999932   13.314542171410075
5.199999999999932   13.380957284117956
5.209999999999932   13.447703367188174
5.219999999999931   13.514782068990343
5.229999999999931   13.582195046099491
5.239999999999931   13.649943963336886
5.249999999999931   13.718030493811073
5.2599999999999305   13.786456318959107
5.26999999999993   13.855223128588
5.27999999999993   13.924332620916365
5.28999999999993   13.99378650261628
5.29999999999993   14.06358648885534
5.309999999999929   14.13373430333894
5.319999999999929   14.204231678352759
5.329999999999929   14.275080354805448
5.339999999999929   14.346282082271545
5.349999999999929   14.417838619034587
5.359999999999928   14.489751732130454
5.369999999999928   14.562023197390916
5.379999999999928   14.634654799487398
5.389999999999928   14.70764833197497
5.3999999999999275   14.781005597336545
5.409999999999927   14.854728407027311
5.419999999999927   14.928818581519367
5.429999999999927   15.003277950346599
5.439999999999927   15.078108352149757
5.4499999999999265   15.153311634721783
5.459999999999926   15.228889655053344
5.469999999999926   15.304844279378596
5.479999999999926   15.381177383221182
5.489999999999926   15.457890851440455
5.499999999999925   15.534986578277927
5.509999999999925   15.612466467403955
5.519999999999925   15.690332431964656
5.529999999999925   15.768586394629054
5.5399999999999245   15.847230287636469
5.549999999999924   15.92626605284413
5.559999999999924   16.005695641775038
5.569999999999924   16.085521015666053
5.579999999999924   16.165744145516232
5.5899999999999235   16.246367012135398
5.599999999999923   16.327391606192965
5.609999999999923   16.408819928266986
5.619999999999923   16.490653988893463
5.629999999999923   16.57289580861589
5.639999999999922   16.65554741803504
5.649999999999922   16.73861085785903
5.659999999999922   16.82208817895358
5.669999999999922   16.905981442392584
5.679999999999922   16.990292719508872
5.689999999999921   17.07502409194528
5.699999999999921   17.160177651705936
5.709999999999921   17.24575550120782
5.719999999999921   17.331759753332566
5.7299999999999205   17.41819253147853
5.73999999999992   17.505055969613135
5.74999999999992   17.59235221232543
5.75999999999992   17.680083414878958
5.76999999999992   17.76825174326486
5.779999999999919   17.856859374255254
5.789999999999919   17.945908495456877
5.799999999999919   18.03540130536499
5.809999999999919   18.125340013417546
5.819999999999919   18.215726840049655
5.829999999999918   18.306564016748286
5.839999999999918   18.397853786107255
5.849999999999918   18.489598401882496
5.859999999999918   18.581800129047586
5.8699999999999175   18.67446124384957
5.879999999999917   18.767584033865045
5.889999999999917   18.861170798056527
5.899999999999917   18.955223846829107
5.909999999999917   19.049745502087383
5.919999999999916   19.144738097292667
5.929999999999916   19.24020397752049
5.939999999999916   19.336145499518395
5.949999999999916   19.43256503176399
5.959999999999916   19.529464954523327
5.969999999999915   19.62684765990955
5.979999999999915   19.724715551941838
5.989999999999915   19.823071046604635
5.999999999999915   19.921916571907193
6.0099999999999145   20.021254567943387
6.019999999999914   20.121087486951858
6.029999999999914   20.221417793376414
6.039999999999914   20.322247963926777
6.049999999999914   20.423580487639594
6.0599999999999135   20.525417865939772
6.069999999999913   20.62776261270212
6.079999999999913   20.730617254313277
6.089999999999913   20.833984329733976
6.099999999999913   20.93786639056159
6.109999999999912   21.042266001093022
6.119999999999912   21.14718573838786
6.129999999999912   21.252628192331905
6.139999999999912   21.35859596570096
6.1499999999999115   21.465091674224976
6.159999999999911   21.572117946652494
6.169999999999911   21.679677424815424
6.179999999999911   21.78777276369412
6.189999999999911   21.89640663148282
6.1999999999999105   22.00558170965536
6.20999999999991   22.115300693031273
6.21999999999991   22.22556628984216
6.22999999999991   22.33638122179843
6.23999999999991   22.447748224156356
6.249999999999909   22.559670045785474
6.259999999999909   22.672149449236297
6.269999999999909   22.78518921080839
6.279999999999909   22.898792120618776
6.2899999999999086   23.01296098267067
6.299999999999908   23.127698614922572
6.309999999999908   23.24300784935769
6.319999999999908   23.358891532053715
6.329999999999908   23.475352523252948
6.3399999999999075   23.592393697432765
6.349999999999907   23.71001794337644
6.359999999999907   23.828228164244308
6.369999999999907   23.94702727764531
6.379999999999907   24.066418215708865
6.389999999999906   24.1864039251571
6.399999999999906   24.30698736737747
6.409999999999906   24.4281715184957
6.419999999999906   24.549959369449116
6.429999999999906   24.672353926060335
6.439999999999905   24.795358209111317
6.449999999999905   24.918975254417784
6.459999999999905   25.043208112904015
6.469999999999905   25.168059850678013
6.4799999999999045   25.293533549107043
6.489999999999904   25.419632304893536
6.499999999999904   25.546359230151403
6.509999999999904   25.67371745248268
6.519999999999904   25.801710115054597
6.529999999999903   25.930340376677012
6.539999999999903   26.059611411880223
6.549999999999903   26.189526410993185
6.559999999999903   26.320088580222105
6.569999999999903   26.451301141729427
6.579999999999902   26.58316733371321
6.589999999999902   26.715690410486907
6.599999999999902   26.84887364255954
6.609999999999902   26.98272031671626
6.6199999999999015   27.117233736099337
6.629999999999901   27.25241722028951
6.639999999999901   27.38827410538778
6.649999999999901   27.5248077440976
6.659999999999901   27.66202150580746
6.6699999999999005   27.799918776673888
6.6799999999999   27.938502959704884
6.6899999999999   28.077777474843735
6.6999999999999   28.217745759053276
6.7099999999999   28.35841126640055
6.719999999999899   28.499777468141907
6.729999999999899   28.64184785280851
6.739999999999899   28.784625926292275
6.749999999999899   28.928115211932234
6.7599999999998985   29.072319250601335
6.769999999999898   29.217241600793663
6.779999999999898   29.362885838712103
6.789999999999898   29.50925555835644
6.799999999999898   29.656354371611883
6.8099999999998975   29.80418590833805
6.819999999999897   29.952753816458376
6.829999999999897   30.10206176204999
6.839999999999897   30.252113429434
6.849999999999897   30.402912521266277
6.859999999999896   30.554462758628645
6.869999999999896   30.706767881120552
6.879999999999896   30.859831646951186
6.889999999999896   31.013657833032052
6.8999999999998956   31.168250235070015
6.909999999999895   31.32361266766079
6.919999999999895   31.479748964382907
6.929999999999895   31.636662977892154
6.939999999999895   31.794358580016475
6.9499999999998945   31.952839661851332
6.959999999999894   32.112110133855566
6.969999999999894   32.27217392594772
6.979999999999894   32.43303498760283
6.989999999999894   32.59469728794973
6.999999999999893   32.757164815868805
7.009999999999893   32.920441580090255
7.019999999999893   33.08453160929284
7.029999999999893   33.24943895220309
7.039999999999893   33.41516767769508
7.049999999999892   33.58172187489061
7.059999999999892   33.749105653259946
7.069999999999892   33.91732314272304
7.079999999999892   34.086378493751276
7.0899999999998915   34.25627587746967
7.099999999999891   34.42701948575962
7.109999999999891   34.59861353136219
7.119999999999891   34.771062247981824
7.129999999999891   34.94436989039067
7.13999999999989   35.118540734533354
7.14999999999989   35.293579077632316
7.15999999999989   35.469489238293654
7.16999999999989   35.64627555661348
7.17999999999989   35.82394239428485
7.189999999999889   36.00249413470515
7.199999999999889   36.181935183084114
7.209999999999889   36.36226996655229
7.219999999999889   36.5435029342701
7.2299999999998885   36.72563855753743
7.239999999999888   36.90868132990372
7.249999999999888   37.09263576727871
7.259999999999888   37.2775064080436
7.269999999999888   37.463297813162875
7.2799999999998875   37.65001456629662
7.289999999999887   37.837661273913426
7.299999999999887   38.02624256540384
7.309999999999887   38.215763093194404
7.319999999999887   38.40622753286221
7.329999999999886   38.59764058325008
7.339999999999886   38.79000696658231
7.349999999999886   38.98333142858094
7.359999999999886   39.177618738582666
7.3699999999998855   39.372873689656295
7.379999999999885   39.5691010987208
7.389999999999885   39.76630580666396
7.399999999999885   39.96449267846156
7.409999999999885   40.16366660329726
7.4199999999998845   40.36383249468296
7.429999999999884   40.564995290579844
7.439999999999884   40.76715995351999
7.449999999999884   40.97033147072859
7.459999999999884   41.17451485424677
7.469999999999883   41.37971514105505
7.479999999999883   41.585937393197376
7.489999999999883   41.793186697905796
7.499999999999883   42.001468167725754
7.5099999999998825   42.21078694064201
7.519999999999882   42.421148180205165
7.529999999999882   42.63255707565884
7.539999999999882   42.845018842067454
7.549999999999882   43.0585387204447
7.5599999999998815   43.273121977882596
7.569999999999881   43.48877390768119
7.579999999999881   43.70549982947895
7.589999999999881   43.92330508938375
7.599999999999881   44.14219506010455
7.60999999999988   44.36217514108369
7.61999999999988   44.583250758629895
7.62999999999988   44.80542736605189
7.63999999999988   45.02871044379269
7.64999999999988   45.2531054995646
7.659999999999879   45.47861806848481
7.669999999999879   45.70525371321177
7.679999999999879   45.93301802408211
7.689999999999879   46.16191661924836
7.6999999999998785   46.3919551448173
7.709999999999878   46.62313927498899
7.719999999999878   46.855474712196525
7.729999999999878   47.08896718724644
7.739999999999878   47.32362245945987
7.749999999999877   47.559446316814366
7.759999999999877   47.79644457608643
7.769999999999877   48.03462308299476
7.779999999999877   48.273987712344216
7.789999999999877   48.51454436817048
7.799999999999876   48.75629898388547
7.809999999999876   48.999257522423434
7.819999999999876   49.2434259763878
7.829999999999876   49.48881036819875
7.8399999999998755   49.73541675024153
7.849999999999875   49.983251205015485
7.859999999999875   50.232319845283854
7.869999999999875   50.482628814224284
7.879999999999875   50.73418428558013
7.8899999999998744   50.986992463812456
7.899999999999874   51.24105958425286
7.909999999999874   51.496391913256986
7.919999999999874   51.75299574835885
7.929999999999874   52.01087741842591
7.939999999999873   52.27004328381493
7.949999999999873   52.53049973652856
7.959999999999873   52.792253200372805
7.969999999999873   53.05531013111514
7.9799999999998725   53.31967701664353
7.989999999999872   53.58536037712617
7.999999999999872   53.85236676517205
8.009999999999872   54.12070276599229
8.019999999999872   54.390374997562326
8.029999999999871   54.66139011078484
8.039999999999871   54.93375478965357
8.049999999999871   55.20747575141785
8.05999999999987   55.48255974674807
8.06999999999987   55.75901355990187
8.07999999999987   56.03684400889118
8.08999999999987   56.31605794565016
8.09999999999987   56.596662256203864
8.10999999999987   56.878663860837825
8.11999999999987   57.16206971426846
8.12999999999987   57.446886805814316
8.13999999999987   57.73312215956815
8.149999999999869   58.02078283456992
8.159999999999869   58.30987592498059
8.169999999999868   58.60040856025678
8.179999999999868   58.89238790532638
8.189999999999868   59.1858211607649
8.199999999999868   59.48071556297282
8.209999999999868   59.77707838435375
8.219999999999867   60.074916933493505
8.229999999999867   60.37423855534005
8.239999999999867   60.67505063138437
8.249999999999867   60.97736057984222
8.259999999999867   61.28117585583675
8.269999999999866   61.58650395158211
8.279999999999866   61.89335239656789
8.289999999999866   62.201728757744554
8.299999999999866   62.51164063970971
8.309999999999865   62.82309568489538
8.319999999999865   63.136101573756164
8.329999999999865   63.45066602495836
8.339999999999865   63.76679679556998
8.349999999999865   64.08450168125178
8.359999999999864   64.40378851644918
8.369999999999864   64.72466517458518
8.379999999999864   65.04713956825421
8.389999999999864   65.37121964941691
8.399999999999864   65.69691340959601
8.409999999999863   66.02422888007297
8.419999999999863   66.35317413208585
8.429999999999863   66.68375727702794
8.439999999999863   67.0159864666475
8.449999999999863   67.3498698932485
8.459999999999862   67.68541578989225
8.469999999999862   68.02263243060017
8.479999999999862   68.36152813055747
8.489999999999862   68.70211124631793
8.499999999999861   69.04439017600953
8.509999999999861   69.38837335954135
8.519999999999861   69.73406927881126
8.52999999999986   70.08148645791485
8.53999999999986   70.43063346335518
8.54999999999986   70.78151890425379
8.55999999999986   71.13415143256259
8.56999999999986   71.48853974327695
8.57999999999986   71.84469257464966
8.58999999999986   72.20261870840619
8.59999999999986   72.56232696996081
8.609999999999859   72.92382622863389
8.619999999999859   73.28712539787028
8.629999999999859   73.65223343545877
8.639999999999858   74.01915934375256
8.649999999999858   74.38791216989097
8.659999999999858   74.75850100602212
8.669999999999858   75.13093498952682
8.679999999999858   75.50522330324351
8.689999999999857   75.88137517569433
8.699999999999857   76.25939988131229
8.709999999999857   76.63930674066967
8.719999999999857   77.02110512070743
8.729999999999857   77.40480443496583
8.739999999999856   77.79041414381616
8.749999999999856   78.1779437546937
8.759999999999856   78.56740282233173
8.769999999999856   78.95880094899677
8.779999999999855   79.35214778472496
8.789999999999855   79.7474530275597
8.799999999999855   80.1447264237903
8.809999999999855   80.543977768192
8.819999999999855   80.94521690426703
8.829999999999854   81.34845372448702
8.839999999999854   81.75369817053648
8.849999999999854   82.16096023355756
8.859999999999854   82.57024995439602
8.869999999999854   82.9815774238484
8.879999999999853   83.39495278291047
8.889999999999853   83.81038622302681
8.899999999999853   84.22788798634178
8.909999999999853   84.64746836595164
8.919999999999852   85.06913770615787
8.929999999999852   85.49290640272193
8.939999999999852   85.91878490312108
8.949999999999852   86.34678370680567
8.959999999999852   86.7769133654575
8.969999999999851   87.20918448324969
8.979999999999851   87.64360771710759
8.989999999999851   88.08019377697126
8.99999999999985   88.51895342605903
9.00999999999985   88.95989748113247
9.01999999999985   89.40303681276272
9.02999999999985   89.848382345598
9.03999999999985   90.29594505863261
9.04999999999985   90.7457359854772
9.05999999999985   91.1977662146303
9.06999999999985   91.6520468897514
9.079999999999849   92.10858920993516
9.089999999999849   92.56740442998715
9.099999999999849   93.02850386070088
9.109999999999848   93.49189886913626
9.119999999999848   93.95760087889938
9.129999999999848   94.42562137042374
9.139999999999848   94.89597188125282
9.149999999999848   95.36866400632412
9.159999999999847   95.84370939825459
9.169999999999847   96.32111976762742
9.179999999999847   96.80090688328036
9.189999999999847   97.28308257259539
9.199999999999847   97.76765872178984
9.209999999999846   98.25464727620903
9.219999999999846   98.74406024062024
9.229999999999846   99.23590967950831
9.239999999999846   99.73020771737251
9.249999999999845   100.22696653902504
9.259999999999845   100.72619838989097
9.269999999999845   101.22791557630963
9.279999999999845   101.73213046583756
9.289999999999845   102.23885548755293
9.299999999999844   102.74810313236146
9.309999999999844   103.25988595330395
9.319999999999844   103.77421656586516
9.329999999999844   104.29110764828444
9.339999999999844   104.81057194186772
9.349999999999843   105.33262225130122
9.359999999999843   105.85727144496654
9.369999999999843   106.38453245525749
9.379999999999843   106.91441827889832
9.389999999999842   107.44694197726375
9.399999999999842   107.98211667670033
9.409999999999842   108.51995556884964
9.419999999999842   109.06047191097294
9.429999999999842   109.60367902627749
9.439999999999841   110.14959030424448
9.449999999999841   110.69821920095865
9.459999999999841   111.2495792394394
9.46999999999984   111.80368400997374
9.47999999999984   112.36054717045074
9.48999999999984   112.92018244669772
9.49999999999984   113.48260363281807
9.50999999999984   114.04782459153078
9.51999999999984   114.6158592545117
9.52999999999984   115.18672162273637
9.53999999999984   115.76042576682465
9.549999999999839   116.33698582738707
9.559999999999839   116.91641601537285
9.569999999999839   117.49873061241969
9.579999999999838   118.08394397120529
9.589999999999838   118.67207051580056
9.599999999999838   119.2631247420247
9.609999999999838   119.85712121780196
9.619999999999838   120.4540745835202
9.629999999999837   121.05399955239119
9.639999999999837   121.65691091081281
9.649999999999837   122.26282351873294
9.659999999999837   122.87175231001518
9.669999999999837   123.48371229280644
9.679999999999836   124.09871854990632
9.689999999999836   124.71678623913833
9.699999999999836   125.33793059372294
9.709999999999836   125.96216692265254
9.719999999999835   126.58951061106818
9.729999999999835   127.21997712063825
9.739999999999835   127.85358198993902
9.749999999999835   128.49034083483707
9.759999999999835   129.13026934887364
9.769999999999834   129.77338330365086
9.779999999999834   130.4196985492199
9.789999999999834   131.0692310144711
9.799999999999834   131.72199670752593
9.809999999999834   132.37801171613108
9.819999999999833   133.03729220805434
9.829999999999833   133.6998544314825
9.839999999999833   134.36571471542123
9.849999999999833   135.03488947009703
9.859999999999832   135.70739518736102
9.869999999999832   136.38324844109485
9.879999999999832   137.0624658876186
9.889999999999832   137.74506426610074
9.899999999999832   138.43106039897
9.909999999999831   139.1204711923295
9.919999999999831   139.8133136363727
9.929999999999831   140.50960480580167
9.93999999999983   141.20936186024718
9.94999999999983   141.9126020446911
9.95999999999983   142.6193426898908
9.96999999999983   143.32960121280556
9.97999999999983   144.0433951170253
9.98999999999983   144.76074199320138
9.99999999999983   145.4816595194794
