3   1
3.052   1.2773333333333334
3.104   1.545806902577545
3.156   1.80601440326438
3.208   2.058500620647303
3.2600000000000002   2.30376618656148
3.3120000000000003   2.542271805149703
3.3640000000000003   2.774442014166741
3.4160000000000004   3.000668539293572
3.4680000000000004   3.221313291024681
3.5200000000000005   3.43671104700318
3.5720000000000005   3.647171856978086
3.6240000000000006   3.8529832026875708
3.6760000000000006   4.054411940800289
3.7280000000000006   4.251706053465352
3.7800000000000007   4.445096227939494
3.8320000000000007   4.634797284102006
3.884000000000001   4.821009466370636
3.936000000000001   5.003919614541968
3.988000000000001   5.183702226352851
4.040000000000001   5.3605204230577925
4.0920000000000005   5.53452682800878
4.144   5.705864367081871
4.196   5.874666998796032
4.247999999999999   6.041060381094701
4.299999999999999   6.205162480992571
4.3519999999999985   6.3670841326150756
4.403999999999998   6.526929548563612
4.455999999999998   6.684796789015334
4.507999999999997   6.840778192503307
4.559999999999997   6.994960771913169
4.6119999999999965   7.147426578869535
4.663999999999996   7.29825303936337
4.715999999999996   7.447513263185456
4.767999999999995   7.5952763294765315
4.819999999999995   7.741607550477882
4.871999999999995   7.886568715363836
4.923999999999994   8.03021831585689
4.975999999999994   8.172611755164544
5.027999999999993   8.313801541632166
5.079999999999993   8.453837468376449
5.131999999999993   8.592766780047482
5.183999999999992   8.73063432776281
5.235999999999992   8.867482713162628
5.287999999999991   9.00335242245046
5.339999999999991   9.138281951207107
5.391999999999991   9.272307920696706
5.44399999999999   9.40546518632125
5.49599999999999   9.537786938823562
5.547999999999989   9.669304798787598
5.599999999999989   9.80004890493866
5.651999999999989   9.930047996704085
5.703999999999988   10.059329491456875
5.755999999999988   10.187919556830032
5.807999999999987   10.315843178457841
5.859999999999987   10.443124223471681
5.911999999999987   10.569785500051706
5.963999999999986   10.69584881331196
6.015999999999986   10.821335017774661
6.067999999999985   10.946264066669514
6.119999999999985   11.070655058275705
6.171999999999985   11.19452627950762
6.223999999999984   11.317895246930044
6.275999999999984   11.440778745374658
6.327999999999983   11.563192864316823
6.379999999999983   11.68515303215991
6.431999999999983   11.806674048563572
6.483999999999982   11.927770114942518
6.535999999999982   12.048454863253125
6.587999999999981   12.168741383176881
6.639999999999981   12.288642247801896
6.691999999999981   12.408169537896564
6.74399999999998   12.527334864862905
6.79599999999998   12.64614939245102
6.847999999999979   12.764623857310509
6.899999999999979   12.882768588449485
6.951999999999979   13.000593525667057
7.003999999999978   13.118108237020714
7.055999999999978   13.235321935385912
7.1079999999999774   13.352243494161403
7.159999999999977   13.468881462170296
7.211999999999977   13.585244077803576
7.263999999999976   13.70133928244978
7.315999999999976   13.81717473325171
7.3679999999999755   13.932757815228449
7.419999999999975   14.048095652798514
7.471999999999975   14.163195120737726
7.523999999999974   14.27806285460326
7.575999999999974   14.3927052606534
7.6279999999999735   14.507128525290682
7.679999999999973   14.621338624054417
7.731999999999973   14.735341330187012
7.783999999999972   14.849142222797015
7.835999999999972   14.962746694640426
7.8879999999999715   15.076159959540552
7.939999999999971   15.189387059465474
7.991999999999971   15.30243287128104
8.04399999999997   15.4153021131963
8.09599999999997   15.527999350917282
8.14799999999997   15.640529003524076
8.199999999999969   15.752895349085378
8.251999999999969   15.865102530023806
8.303999999999968   15.977154558244543
8.355999999999968   16.08905532003917
8.407999999999967   16.200808580775874
8.459999999999967   16.31241798938664
8.511999999999967   16.423887082661317
8.563999999999966   16.535219289358125
8.615999999999966   16.64641793413939
8.667999999999966   16.75748624134105
8.719999999999965   16.868427338583842
8.771999999999965   16.97924426023376
8.823999999999964   17.089939950718904
8.875999999999964   17.20051726770952
8.927999999999964   17.310978985167633
8.979999999999963   17.421327796272312
9.031999999999963   17.531566316226396
9.083999999999962   17.641697084950096
9.135999999999962   17.75172256966665
9.187999999999962   17.86164516738498
9.239999999999961   17.971467207283975
9.29199999999996   18.081190953002857
9.34399999999996   18.190818604841827
9.39599999999996   18.300352301876977
9.44799999999996   18.40979412399328
9.49999999999996   18.519146093839247
9.551999999999959   18.62841017870669
9.603999999999958   18.737588292338863
9.655999999999958   18.846682296670053
9.707999999999958   18.95569400349962
9.759999999999957   19.06462517610325
9.811999999999957   19.173477530784115
9.863999999999956   19.28225273836651
9.915999999999956   19.39095242563434
9.967999999999956   19.499578176716835
