3   1
3.12   1.64
3.24   2.233846153846154
3.3600000000000003   2.7883760683760683
3.4800000000000004   3.3092063492063493
3.6000000000000005   3.800985221674877
3.7200000000000006   4.267586206896552
3.8400000000000007   4.71225806451613
3.960000000000001   5.137741935483872
4.080000000000001   5.546363636363637
4.200000000000001   5.940106951871658
4.320000000000001   6.320672268907563
4.440000000000001   6.689523809523809
4.560000000000001   7.047927927927928
4.6800000000000015   7.396984352773827
4.800000000000002   7.7376518218623485
4.920000000000002   8.070769230769232
5.040000000000002   8.397073170731709
5.160000000000002   8.717212543554009
5.280000000000002   9.031760797342194
5.400000000000002   9.341226215644822
5.520000000000002   9.646060606060608
5.640000000000002   9.946666666666669
5.7600000000000025   10.24340425531915
5.880000000000003   10.536595744680852
6.000000000000003   10.8265306122449
6.120000000000003   11.113469387755105
6.240000000000003   11.397647058823532
6.360000000000003   11.67927601809955
6.480000000000003   11.958548621190133
6.600000000000003   12.235639412997905
6.720000000000003   12.510707070707072
6.840000000000003   12.783896103896106
6.9600000000000035   13.055338345864664
7.080000000000004   13.32515426497278
7.200000000000004   13.59345412039743
7.320000000000004   13.86033898305085
7.440000000000004   14.125901639344265
7.560000000000004   14.390227392913806
7.680000000000004   14.65339477726575
7.800000000000004   14.915476190476195
7.920000000000004   15.176538461538467
8.040000000000004   15.436643356643362
8.160000000000004   15.695848032564456
8.280000000000003   15.954205443371384
8.400000000000002   16.21176470588236
8.520000000000001   16.468571428571433
8.64   16.724668008048294
8.76   16.98009389671362
8.879999999999999   17.234885844748863
8.999999999999998   17.48907811921511
9.119999999999997   17.742702702702708
9.239999999999997   17.995789473684216
9.359999999999996   18.24836637047164
9.479999999999995   18.500459540459545
9.599999999999994   18.752093476144115
9.719999999999994   19.00329113924051
9.839999999999993   19.254074074074076
9.959999999999992   19.50446251129178
