2   2.71828
2.05   2.7862369542885395
2.0999999999999996   2.855871942193526
2.1499999999999995   2.927226392607971
2.1999999999999993   3.0003427454128913
2.249999999999999   3.075264476670119
2.299999999999999   3.1520361243890767
2.3499999999999988   3.2307033148862025
2.3999999999999986   3.311312789755579
2.4499999999999984   3.3939124334692155
2.4999999999999982   3.4785513016254517
2.549999999999998   3.5652796498640145
2.599999999999998   3.6541489634663686
2.6499999999999977   3.7452119876601846
2.6999999999999975   3.8385227586469495
2.7499999999999973   3.934136635372001
2.799999999999997   4.032110332056544
2.849999999999997   4.132501951511533
2.899999999999997   4.235371019253626
2.9499999999999966   4.3407785184438135
2.9999999999999964   4.448786925669685
3.0499999999999963   4.5594602475927415
3.099999999999996   4.672864058482571
3.149999999999996   4.789065538660187
3.1999999999999957   4.908133513873273
3.2499999999999956   5.030138495626623
3.2999999999999954   5.155152722491513
3.349999999999995   5.283250202418335
3.399999999999995   5.414506756077338
3.449999999999995   5.54900006125289
3.4999999999999947   5.686809698317289
3.5499999999999945   5.828017196810703
3.5999999999999943   5.9727060831545025
3.649999999999994   6.120961929525828
3.699999999999994   6.2728724039219355
3.749999999999994   6.428527321443508
3.7999999999999936   6.588018696826839
3.8499999999999934   6.7514407982554765
3.8999999999999932   6.91889020248268
3.949999999999993   7.090465851296752
3.999999999999993   7.266269109362119
4.049999999999993   7.4464038234697805
4.0999999999999925   7.630976383231596
4.149999999999992   7.820095783253665
4.199999999999992   8.013873686824944
4.249999999999992   8.212424491158096
4.299999999999992   8.415865394220454
4.349999999999992   8.624316463193917
4.3999999999999915   8.837900704603525
4.449999999999991   9.056744136155396
4.499999999999991   9.28097586032575
4.549999999999991   9.51072813974369
4.599999999999991   9.746136474411506
4.649999999999991   9.987339680807253
4.69999999999999   10.234479972915535
4.74999999999999   10.487703045233445
4.79999999999999   10.747158157799813
4.84999999999999   11.012998223297064
4.89999999999999   11.285379896276172
4.9499999999999895   11.564463664556435
4.999999999999989   11.85041394285305
5.049999999999989   12.143399168686756
5.099999999999989   12.443591900631104
5.149999999999989   12.751168918954304
5.199999999999989   13.066311328713962
5.2499999999999885   13.389204665364403
5.299999999999988   13.720039002937812
5.349999999999988   14.059009064861796
5.399999999999988   14.4063143374776
5.449999999999988   14.762159186324697
5.499999999999988   15.126752975259103
5.549999999999987   15.50031018847439
5.599999999999987   15.883050555496052
5.649999999999987   16.275199179221588
5.699999999999987   16.67698666708044
5.749999999999987   17.088649265389694
5.7999999999999865   17.510428996983357
5.849999999999986   17.9425738021948
5.899999999999986   18.385337683274038
5.949999999999986   18.83898085232339
5.999999999999986   19.30376988283712
6.049999999999986   19.779977864932757
6.099999999999985   20.267884564363943
6.149999999999985   20.767776585406736
6.199999999999985   21.27994753771369
6.249999999999985   21.80469820723216
6.299999999999985   22.342336731285776
6.3499999999999845   22.89317877792026
6.399999999999984   23.457547729617417
6.449999999999984   24.035774871483504
6.499999999999984   24.62819958402077
6.549999999999984   25.235169540593724
6.599999999999984   25.85704090970423
6.6499999999999835   26.494178562192467
6.699999999999983   27.146956283483448
6.749999999999983   27.81575699100191
6.799999999999983   28.50097295688117
6.849999999999983   29.20300603609476
6.899999999999983   29.922267900142625
6.949999999999982   30.65918027642703
6.999999999999982   31.414175193456458
7.049999999999982   32.187695232019244
7.099999999999982   32.980193782472085
7.149999999999982   33.79213530829206
7.1999999999999815   34.62399561604451
7.249999999999981   35.47626213192268
7.299999999999981   36.34943418501897
7.349999999999981   37.24402329749136
7.399999999999981   38.16055348179267
7.449999999999981   39.09956154513435
7.4999999999999805   40.06159740136066
7.54999999999998   41.0472243904133
7.59999999999998   42.05701960557109
7.64999999999998   43.091574228653606
7.69999999999998   44.15149387338234
7.74999999999998   45.23739893709773
7.799999999999979   46.34992496103497
7.849999999999979   47.48972299936683
7.899999999999979   48.65745999722636
7.949999999999979   49.85381917792776
7.999999999999979   51.079500439609
8.04999999999998   52.335220761525036
8.09999999999998   53.62171462022626
8.14999999999998   54.939734415862205
8.199999999999982   56.29005090885677
8.249999999999982   57.6734536672067
8.299999999999983   59.090751524661655
8.349999999999984   60.542773050050144
8.399999999999984   62.03036702802212
8.449999999999985   63.55440295148564
8.499999999999986   65.11577152602167
8.549999999999986   66.71538518656803
8.599999999999987   68.35417862667047
8.649999999999988   70.03310934060639
8.699999999999989   71.75315817869347
8.74999999999999   73.51532991610401
8.79999999999999   75.32065383551263
8.84999999999999   77.1701843239135
8.899999999999991   79.06500148395125
8.949999999999992   81.0062117601181
8.999999999999993   82.99494858017825
9.049999999999994   85.03237301218924
9.099999999999994   87.1196744374994
9.149999999999995   89.25807124010893
9.199999999999996   91.44881151279243
9.249999999999996   93.6931737803896
9.299999999999997   95.99246774068124
9.349999999999998   98.34803502327745
9.399999999999999   100.76124996695549
9.45   103.2335204158952
9.5   105.76628853527093
9.55   108.36103164666993
9.600000000000001   111.0192630838186
9.650000000000002   113.74253306910961
9.700000000000003   116.53242961143503
9.750000000000004   119.3905794258426
9.800000000000004   122.318648875545
9.850000000000005   125.31834493682487
9.900000000000006   128.39141618739131
9.950000000000006   131.5396538187571
