0   2
-0.1   1.900125
0.1   2.099875
-0.2   1.8011875000000002
0.2   2.1988541666666666
-0.30000000000000004   1.7042812500000002
0.30000000000000004   2.296027083333333
-0.4   1.6106093750000001
0.4   2.390574375
-0.5   1.5214953125000001
0.5   2.4817586041666666
-0.6   1.43839484375
0.6   2.5689160770833332
-0.7   1.362909328125
0.7   2.6514494693749997
-0.7999999999999999   1.2968002609375
0.7999999999999999   2.7288211891041665
-0.8999999999999999   1.24200528703125
0.8999999999999999   2.800547403527083
-0.9999999999999999   1.200655815734375
0.9999999999999999   2.866192663174375
-1.0999999999999999   1.1750963973078126
1.0999999999999999   2.925365063523604
-1.2   1.1679060370385939
1.2   2.977711890504577
-1.3   1.1819216407424533
1.3   3.0229157014541195
-1.4000000000000001   1.2202638048166987
1.4000000000000001   3.0606907979753744
-1.5000000000000002   1.2863651852983686
1.5000000000000002   3.09078005151117
-1.6000000000000003   1.3840017038282055
1.6000000000000003   3.112952046360053
-1.7000000000000004   1.517326874211026
1.7000000000000004   3.1269985083907144
-1.8000000000000005   1.6909095616321286
1.8000000000000005   3.1327319908849764
-1.9000000000000006   1.9097755177953415
1.9000000000000006   3.129983791796479
-2.0000000000000004   2.1794530695748757
2.0000000000000004   3.1186020792834976
-2.1000000000000005   2.5060233765323634
2.1000000000000005   3.0984502046884814
-2.2000000000000006   2.8961757141856
2.2000000000000006   3.0694051842196335
-2.3000000000000007   3.35726828560416
2.3000000000000007   3.0313563324643367
-2.400000000000001   3.897395114164576
2.400000000000001   2.9842040325512365
-2.500000000000001   4.525459625581034
2.500000000000001   2.9278586292961126
-2.600000000000001   5.251255588139137
2.600000000000001   2.862239433033168
-2.700000000000001   6.085556146953051
2.700000000000001   2.7872738230631846
-2.800000000000001   7.040211761648356
2.800000000000001   2.702896440756866
-2.9000000000000012   8.128257937813192
2.9000000000000012   2.609048463347846
-3.0000000000000013   9.364033731594512
3.0000000000000013   2.5056769503463947
-3.1000000000000014   10.763312104753963
3.1000000000000014   2.392734255311755
-3.2000000000000015   12.34344331522936
3.2000000000000015   2.2701774964472463
-3.3000000000000016   14.123512646752296
3.3000000000000016   2.1379680801358547
-3.4000000000000017   16.124513911427528
3.4000000000000017   1.996071272122269
-3.5000000000000018   18.36954030257028
3.5000000000000018   1.8444558115767087
-3.600000000000002   20.883994332827307
3.600000000000002   1.683093563752371
-3.700000000000002   23.695818766110037
3.700000000000002   1.5119592073771337
-3.800000000000002   26.83575064272104
3.800000000000002   1.3310299533060868
-3.900000000000002   30.337600706993147
3.900000000000002   1.140285291308811
-4.000000000000002   34.23856077769246
4.000000000000002   0.9397067621779297
-4.100000000000001   38.57954185546171
4.100000000000001   0.7292777526268032
-4.200000000000001   43.40554604100788
4.200000000000001   0.508983310697456
-4.300000000000001   48.76607564510867
4.300000000000001   0.27880997962771004
-4.4   54.71558320961954
4.4   0.03874564833160543
-4.5   61.313966530581496
4.5   -0.21122058316822204
-4.6   68.62711318363965
4.6   -0.47109852485140014
-4.699999999999999   76.72749950200361
4.699999999999999   -0.7408970056995938
-4.799999999999999   85.69484945220397
4.799999999999999   -1.0206239717963015
-4.899999999999999   95.61685939742436
4.899999999999999   -1.3102865746166716
-4.999999999999998   106.5899953371668
4.999999999999998   -1.6098912504883383
-5.099999999999998   118.72036987088347
