0   2
-0.02   1.980001
0.02   2.019999
-0.04   1.9600093666666665
0.04   2.0399906999999997
-0.06   1.940033247333333
0.06   2.059967246
-0.08   1.9200809522799998
0.08   2.0799209410799997
-0.1   1.9001609579922665
0.1   2.0998442422583996
-0.12000000000000001   1.8802819104854451
0.12000000000000001   2.1197297574132317
-0.14   1.860452628695154
0.14   2.139570242264967
-0.16   1.8406821079357236
0.16   2.1593585974196676
-0.18   1.8209795234277715
0.18   2.179087865471274
-0.19999999999999998   1.8013542338963269
0.19999999999999998   2.1987512281618486
-0.21999999999999997   1.78181578524092
0.21999999999999997   2.2183420035986114
-0.23999999999999996   1.7623739142790718
0.23999999999999996   2.2378536435266394
-0.25999999999999995   1.7430385525646532
0.25999999999999995   2.2572797306561068
-0.27999999999999997   1.7238198302826129
0.27999999999999997   2.2766139760429844
-0.3   1.7047280802215985
0.3   2.295850216522125
-0.32   1.6857738418260304
0.32   2.314982412191682
-0.34   1.6669678653292177
0.34   2.3340046439478486
-0.36000000000000004   1.6483211159691353
0.36000000000000004   2.3529111110688916
-0.38000000000000006   1.6298447782885181
0.38000000000000006   2.3716961288475136
-0.4000000000000001   1.6115502605209553
0.4000000000000001   2.390354126270563
-0.4200000000000001   1.5934491990647077
0.4200000000000001   2.408879643745152
-0.4400000000000001   1.575553463046002
0.4400000000000001   2.427267330870249
-0.46000000000000013   1.5578751589735886
0.46000000000000013   2.445511944252844
-0.48000000000000015   1.5404266354863938
0.48000000000000015   2.463608345367787
-0.5000000000000001   1.5232204881961218
0.5000000000000001   2.481551498460431
-0.5200000000000001   1.5062695646267108
0.5200000000000001   2.4993364684912227
-0.5400000000000001   1.4895869692525783
0.5400000000000001   2.5169584191213983
-0.5600000000000002   1.47318606863763
0.5600000000000002   2.53441261073897
-0.5800000000000002   1.4570804966770492
0.5800000000000002   2.551694398524191
-0.6000000000000002   1.4412841599439234
0.6000000000000002   2.568799230553707
-0.6200000000000002   1.4258112431428018
0.6200000000000002   2.585722645942633
-0.6400000000000002   1.4106762146723246
0.6400000000000002   2.6024602730237802
-0.6600000000000003   1.3958938322991044
0.6600000000000003   2.6190078275633044
-0.6800000000000003   1.3814791489450864
0.6800000000000003   2.6353611110120383
-0.7000000000000003   1.3674475185906547
0.7000000000000003   2.6515160087917975
-0.7200000000000003   1.353814602295801
0.7200000000000003   2.6674684886159614
-0.7400000000000003   1.340596374341717
0.7400000000000003   2.683214598843642
-0.7600000000000003   1.327809128495218
0.7600000000000003   2.6987504668667692
-0.7800000000000004   1.3154694843984558
0.7800000000000004   2.714072297529434
-0.8000000000000004   1.303594394086425
0.8000000000000004   2.7291763715788453
-0.8200000000000004   1.2922011486348202
0.8200000000000004   2.7440590441472685
-0.8400000000000004   1.2813073849408498
0.8400000000000004   2.758716743264323
-0.8600000000000004   1.2709310926396669
0.8600000000000004   2.7731459683990365
-0.8800000000000004   1.2610906211591268
0.8800000000000004   2.787343289031056
-0.9000000000000005   1.2518046869156427
0.9000000000000005   2.801305343250435
-0.9200000000000005   1.2430923806539556
0.9200000000000005   2.815028836385426
-0.9400000000000005   1.2349731749337014
0.9400000000000005   2.8285105396577177
-0.9600000000000005   1.2274669317657088
0.9600000000000005   2.841747288864563
-0.9800000000000005   1.220593910401023
0.9800000000000005   2.854735983087272
-1.0000000000000004   1.2143747752757101
1.0000000000000004   2.8674735834255265
-1.0200000000000005   1.2088306041145578
1.0200000000000005   2.8799571117570157
-1.0400000000000005   1.203982896196849
1.0400000000000005   2.8921836495218756
-1.0600000000000005   1.1998535807874526
1.0600000000000005   2.904150336531438
-1.0800000000000005   1.196465025736535
1.0800000000000005   2.915854369800809
-1.1000000000000005   1.1938400462512657
1.1000000000000005   2.927293002404793
-1.1200000000000006   1.1920019138429576
1.1200000000000006   2.938463542356697
-1.1400000000000006   1.1909743654531502
1.1400000000000006   2.949363351509563
-1.1600000000000006   1.1907816127622133
1.1600000000000006   2.959989844479372
-1.1800000000000006   1.1914483516841243
1.1800000000000006   2.9703404875897843
-1.2000000000000006   1.1929997720511403
1.2000000000000006   2.9804127978379884
-1.2200000000000006   1.1954615674921631
1.2200000000000006   2.9902043418812285
-1.2400000000000007   1.198859945508673
1.2400000000000007   2.999712735043604
-1.2600000000000007   1.2032216377521798
1.2600000000000007   3.008935640342732
-1.2800000000000007   1.2085739105072235
1.2800000000000007   3.0178707675358774
-1.3000000000000007   1.2149445753840347
1.3000000000000007   3.02651587218516
-1.3200000000000007   1.2223620002250488
1.3200000000000007   3.034868754741457
-1.3400000000000007   1.23085512022955
1.3400000000000007   3.0429272596466275
-1.3600000000000008   1.2404534493008077
1.3600000000000008   3.050689274453695
-1.3800000000000008   1.2511870916201573
1.3800000000000008   3.0581527289646213
-1.4000000000000008   1.2630867534525605
1.4000000000000008   3.065315594385329
-1.4200000000000008   1.2761837551882784
1.4200000000000008   3.072175882497622
-1.4400000000000008   1.2905100436253774
1.4400000000000008   3.07873164484767
-1.4600000000000009   1.3060982044978848
1.4600000000000009   3.084980971950716
-1.4800000000000009   1.3229814752545093
1.4800000000000009   3.090921992511702
-1.5000000000000009   1.3411937580929327
1.5000000000000009   3.096552872661468
-1.520000000000001   1.3607696332547914
1.520000000000001   3.1018718152082387
-1.540000000000001   1.381744372586554
1.540000000000001   3.106877058904074
-1.560000000000001   1.4041539533716183
1.560000000000001   3.1115668777259926
-1.580000000000001   1.4280350724390507
1.580000000000001   3.1159395801714727
-1.600000000000001   1.4534251605544983
1.600000000000001   3.1199935085680433
-1.620000000000001   1.4803623970989217
1.620000000000001   3.1237270383966824
-1.640000000000001   1.5088857250409002
1.640000000000001   3.127138577628749
-1.660000000000001   1.539034866208385
1.660000000000001   3.130226566076174
-1.680000000000001   1.5708503368658862
1.680000000000001   3.1329894747546505
-1.700000000000001   1.6043734636032039
1.700000000000001   3.1354258052595574
-1.720000000000001   1.6396463995419346
1.720000000000001   3.137534089154366
-1.740000000000001   1.6767121408661065
1.740000000000001   3.139312887371279
-1.7600000000000011   1.7156145436834287
1.7600000000000011   3.140760789623853
-1.7800000000000011   1.756398341223764
1.7800000000000011   3.141876413831376
-1.8000000000000012   1.7991091613815726
1.8000000000000012   3.142658405554749
-1.8200000000000012   1.8437935446092042
1.8200000000000012   3.143105437443654
-1.8400000000000012   1.890498962168055
1.8400000000000012   3.143216208694781
-1.8600000000000012   1.9392738347447496
1.8600000000000012   3.142989444520885
-1.8800000000000012   1.9901675514396446
1.8800000000000012   3.142423895630467
-1.9000000000000012   2.0432304891351043
1.9000000000000012   3.1415183377178577
-1.9200000000000013   2.0985140322511397
1.9200000000000013   3.1402715709635007
-1.9400000000000013   2.1560705928961625
1.9400000000000013   3.1386824195442307
-1.9600000000000013   2.2159536314207524
1.9600000000000013   3.136749731153346
-1.9800000000000013   2.278217677382501
1.9800000000000013   3.134472376530279
-2.0000000000000013   2.3429183509301508
2.0000000000000013   3.1318492489996737
-2.0200000000000014   2.4101123846154207
2.0200000000000014   3.1288792640196803
-2.0400000000000014   2.4798576456410624
2.0400000000000014   3.1255613587392865
-2.0600000000000014   2.552213158553884
2.0600000000000014   3.121894491564501
-2.0800000000000014   2.6272391283916283
2.0800000000000014   3.1178776417332106
-2.1000000000000014   2.7049969642927945
2.1000000000000014   3.1135098088985464
-2.1200000000000014   2.7855493035786503
2.1200000000000014   3.1087900127205756
-2.1400000000000015   2.86896003631689
2.1400000000000015   3.1037172924661642
-2.1600000000000015   2.955294330376561
2.1600000000000015   3.098290706616841
-2.1800000000000015   3.0446186569840923
2.1800000000000015   3.092509332484504
-2.2000000000000015   3.137000816790441
2.2000000000000015   3.086372265834814
-2.2200000000000015   3.2325099664595833
2.2200000000000015   3.0798786205181177
-2.2400000000000015   3.331216645788775
2.2400000000000015   3.0730275281077555
-2.2600000000000016   3.433192805371217
2.2600000000000016   3.0658181375456004
-2.2800000000000016   3.5385118348119744
2.2800000000000016   3.0582496147946885
-2.3000000000000016   3.647248591508214
2.3000000000000016   3.050321142498795
-2.3200000000000016   3.7594794300050447
2.3200000000000016   3.042031919648819
-2.3400000000000016   3.875282231938479
2.3400000000000016   3.033381161255843
-2.3600000000000017   3.9947364365772486
2.3600000000000017   3.0243680980307257
-2.3800000000000017   4.1179230719754605
2.3800000000000017   3.014991976070111
-2.4000000000000017   4.244924786748303
2.4000000000000017   3.005252056548709
-2.4200000000000017   4.375825882483269
2.4200000000000017   2.9951476154177348
-2.4400000000000017   4.510712346799601
2.4400000000000017   2.98467794310938
-2.4600000000000017   4.649671887068926
2.4600000000000017   2.9738423442471924
-2.4800000000000018   4.792793964810305
2.4800000000000018   2.9626401373622486
-2.5000000000000018   4.940169830773178
2.5000000000000018   2.9510706546150036
-2.520000000000002   5.091892560721975
2.520000000000002   2.9391332415227036
-2.540000000000002   5.248057091936415
2.540000000000002   2.9268272566922495
-2.560000000000002   5.40876026044181
2.560000000000002   2.9141520715584046
-2.580000000000002   5.57410083898398
2.580000000000002   2.9011070701272366
-2.600000000000002   5.74417957576366
2.600000000000002   2.887691648724692
-2.620000000000002   5.9190992339456
2.620000000000002   2.8739052157501983
-2.640000000000002   6.098964631957846
2.640000000000002   2.8597471914351944
-2.660000000000002   6.283882684597002
2.660000000000002   2.8452170076064904
-2.680000000000002   6.4739624449556095
2.680000000000002   2.8303141074543605
-2.700000000000002   6.669315147188055
2.700000000000002   2.8150379453052734
-2.720000000000002   6.870054250131816
2.720000000000002   2.799387986399168
-2.740000000000002   7.076295481801119
2.740000000000002   2.7833637066711847
-2.760000000000002   7.2881568847704745
2.760000000000002   2.766964592537761
-2.780000000000002   7.505758862465884
2.780000000000002   2.7501901406870055
-2.800000000000002   7.729224226381868
2.800000000000002   2.7330398578732655
-2.820000000000002   7.958678244242839
2.820000000000002   2.7155132607158
-2.840000000000002   8.194248689127695
2.840000000000002   2.697609875501484
-2.860000000000002   8.436065889576916
2.860000000000002   2.6793292379914546
-2.880000000000002   8.684262780701788
2.880000000000002   2.6606708932316256
-2.900000000000002   8.938974956315825
2.900000000000002   2.641634395366993
-2.920000000000002   9.200340722108807
2.920000000000002   2.622219307459653
-2.940000000000002   9.468501149884316
2.940000000000002   2.60242520131046
-2.960000000000002   9.743600132882003
2.960000000000002   2.582251657284251
-2.980000000000002   10.02578444220631
2.980000000000002   2.561698264138566
-3.000000000000002   10.31520378438377
3.000000000000002   2.5407646188557944
-3.0200000000000022   10.612010860071447
3.0200000000000022   2.5194503264786783
-3.0400000000000023   10.916361423939541
3.0400000000000023   2.497754999949105
-3.0600000000000023   11.228414345751666
3.0600000000000023   2.4756782599501226
-3.0800000000000023   11.5483316726667
3.0800000000000023   2.45321973475112
-3.1000000000000023   11.8762786927867
3.1000000000000023   2.4303790600560977
-3.1200000000000023   12.212423999975767
3.1200000000000023   2.407155878854976
-3.1400000000000023   12.556939559975282
3.1400000000000023   2.383549841277876
-3.1600000000000024   12.910000777841454
3.1600000000000024   2.3595606044523185
-3.1800000000000024   13.271786566731617
3.1800000000000024   2.335187832363272
-3.2000000000000024   13.64247941806625
3.2000000000000024   2.3104311957160064
-3.2200000000000024   14.022265473094242
3.2200000000000024   2.285290371801686
-3.2400000000000024   14.41133459588946
3.2400000000000024   2.2597650443656523
-3.2600000000000025   14.80988044780725
3.2600000000000025   2.2338549034783393
-3.2800000000000025   15.218100563430061
3.2800000000000025   2.2075596454087725
-3.3000000000000025   15.636196428031996
3.3000000000000025   2.180878972500597
-3.3200000000000025   16.064373556592635
3.3200000000000025   2.153812593050585
-3.3400000000000025   16.502841574391155
3.3400000000000025   2.1263602211895734
-3.3600000000000025   16.951814299212312
3.3600000000000025   2.0985215767657817
-3.3800000000000026   17.411509825196557
3.3800000000000026   2.070296385230466
-3.4000000000000026   17.882150608367155
3.4000000000000026   2.041684377525857
-3.4200000000000026   18.363963553867833
3.4200000000000026   2.0126852899753396
-3.4400000000000026   18.85718010494519
3.4400000000000026   1.9832988641758327
-3.4600000000000026   19.362036333710762
3.4600000000000026   1.9535248468923159
-3.4800000000000026   19.87877303371831
3.4800000000000026   1.9233629899544695
-3.5000000000000027   20.407635814392677
3.5000000000000027   1.8928130501553802
-3.5200000000000027   20.948875197347196
3.5200000000000027   1.8618747891522724
-3.5400000000000027   21.502746714627474
3.5400000000000027   1.830547973369227
-3.5600000000000027   22.069511008920024
3.5600000000000027   1.7988323739018424
-3.5800000000000027   22.649433935765092
3.5800000000000027   1.7667277664238055
-3.6000000000000028   23.24278666781373
3.6000000000000028   1.7342339310953292
-3.6200000000000028   23.84984580117
3.6200000000000028   1.7013506524734225
-3.640000000000003   24.47089346386007
3.640000000000003   1.668077719423954
-3.660000000000003   25.106217426470604
3.660000000000003   1.634414925035475
-3.680000000000003   25.756111215000015
3.680000000000003   1.6003620665347653
-3.700000000000003   26.42087422596668
3.700000000000003   1.56591894520407
-3.720000000000003   27.100811843819347
3.720000000000003   1.5310853662999886
-3.740000000000003   27.796235560695735
3.740000000000003   1.4958611389739886
-3.760000000000003   28.507463098576316
3.760000000000003   1.4602460761945089
-3.780000000000003   29.234818533881175
3.780000000000003   1.4242399946706186
-3.800000000000003   29.978632424558796
3.800000000000003   1.387842714777206
-3.820000000000003   30.73924193971664
3.820000000000003   1.3510540604816619
-3.840000000000003   31.516990991844306
3.840000000000003   1.3138738592720285
-3.860000000000003   32.312230371681196
3.860000000000003   1.2763019420865878
-3.880000000000003   33.125317885781485
3.880000000000003   1.238338143244856
-3.900000000000003   33.956618496830444
3.900000000000003   1.1999823003799588
-3.920000000000003   34.80650446676705
3.920000000000003   1.1612342543723595
-3.940000000000003   35.67535550276906
3.940000000000003   1.1220938492849122
-3.960000000000003   36.56355890615777
3.960000000000003   1.0825609322992138
-3.980000000000003   37.47150972428093
3.980000000000003   1.0426353536532293
-4.000000000000003   38.399610905433214
4.000000000000003   1.0023169665801648
-4.020000000000002   39.34827345687521
4.020000000000002   0.9616056272485614
-4.040000000000002   40.317916606012716
4.040000000000002   0.92050119470359
-4.060000000000001   41.308967964799635
4.060000000000001   0.8790035308095181
-4.080000000000001   42.32186369742896
4.080000000000001   0.8371125001933276
-4.1000000000000005   43.357048691377535
4.1000000000000005   0.7948279701894609
-4.12   44.414976731871754
4.12   0.7521498107856717
-4.14   45.49611067984252
4.14   0.7090778945699582
-4.159999999999999   46.600922653439376
4.159999999999999   0.6656120966785589
-4.179999999999999   47.72989421317483
4.179999999999999   0.6217522947449876
-4.199999999999998   48.88351655077166
4.199999999999998   0.5774983688500878
-4.219999999999998   50.06229068178709
4.219999999999998   0.5328502014730859
-4.2399999999999975   51.2667276420895
4.2399999999999975   0.48780767744362413
-4.259999999999997   52.49734868826462
4.259999999999997   0.44237068389475154
-4.279999999999997   53.754685502029915
4.279999999999997   0.3965391102168564
-4.299999999999996   55.039280398737176
4.299999999999996   0.35031284801251916
-4.319999999999996   56.35168654004525
4.319999999999996   0.3036917910522687
-4.339999999999995   57.69246815084615
4.339999999999995   0.25667583523122317
-4.359999999999995   59.06220074052975
4.359999999999995   0.2092648785265986
-4.379999999999995   60.461471328673674
4.379999999999995   0.16145882095606653
-4.399999999999994   61.89087867524715
4.399999999999994   0.1132575645369451
-4.419999999999994   63.35103351541876
4.419999999999994   0.06466101324620613
-4.439999999999993   64.84255879906047
4.439999999999993   0.015669072981281916
-4.459999999999993   66.36608993504169
4.459999999999993   -0.033718348478343804
-4.479999999999992   67.92227504040919
4.479999999999992   -0.08350134150877701
-4.499999999999992   69.51177519455071
4.499999999999992   -0.13367999467860153
-4.519999999999992   71.13526469844172
4.519999999999992   -0.18425439478502956
-4.539999999999991   72.79343133907722
4.539999999999991   -0.23522462688932902
-4.559999999999991   74.4869766591921
4.559999999999991   -0.2865907743515425
-4.57999999999999   76.21661623237594
4.57999999999999   -0.33835291886451174
-4.59999999999999   77.98307994369013
4.59999999999999   -0.3905111404872216
-4.6199999999999894   79.78711227589726
4.6199999999999894   -0.4430655176774772
-4.639999999999989   81.6294726014152
4.639999999999989   -0.4960161273239277
-4.659999999999989   83.51093548011018
4.659999999999989   -0.5493630447774491
-4.679999999999988   85.43229096304572
4.679999999999988   -0.6031063438819002
-4.699999999999988   87.39434490230663
4.699999999999988   -0.6572460970042622
-4.719999999999987   89.39791926701943
4.719999999999987   -0.711782375064177
-4.739999999999987   91.44385246569315
4.739999999999987   -0.7667152475628934
-4.7599999999999865   93.53299967500702
4.7599999999999865   -0.8220447826116356
-4.779999999999986   95.66623317517383
4.779999999999986   -0.8777710469594029
-4.799999999999986   97.84444269201063
4.799999999999986   -0.9338941060202148
-4.819999999999985   100.06853574585084
4.819999999999985   -0.9904140238998105
-4.839999999999985   102.33943800743452
4.839999999999985   -1.0473308634218144
-4.859999999999984   104.65809366091655
4.859999999999984   -1.104644686153378
-4.879999999999984   107.02546577413487
4.879999999999984   -1.1623555524303104
-4.8999999999999835   109.44253667628423
4.8999999999999835   -1.220463521381704
-4.919999999999983   111.91030834314326
4.919999999999983   -1.27896865095407
-4.939999999999983   114.42980279000612
4.939999999999983   -1.3378709979349885
-4.959999999999982   117.00206247247291
4.959999999999982   -1.3971706179762886
-4.979999999999982   119.6281506952557
4.979999999999982   -1.4568675656167627
-4.999999999999981   122.30915202916081
4.999999999999981   -1.5169618943044274
-5.019999999999981   125.0461727364107
