0   2
-0.07   1.930042875
0.07   2.069957125
-0.14   1.86040516875
0.14   2.139604835416667
-0.21000000000000002   1.7914522405625
0.21000000000000002   2.2086217902708336
-0.28   1.7235750249018749
0.28   2.2767091424518755
-0.35000000000000003   1.6571918216450061
0.35000000000000003   2.3435889641469108
-0.42000000000000004   1.5927502116601566
0.42000000000000004   2.4090027824899605
-0.49000000000000005   1.5307291064763675
0.49000000000000005   2.4727102177156635
-0.56   1.4716409414297131
0.56   2.534487716642234
-0.6300000000000001   1.4160340223297931
0.6300000000000001   2.594127374810611
-0.7000000000000002   1.3644950363928787
0.7000000000000002   2.651435841073868
-0.7700000000000002   1.3176517389403801
0.7700000000000002   2.706233298865364
-0.8400000000000003   1.2761758281662068
0.8400000000000003   2.758352518778122
-0.9100000000000004   1.2407860211378412
0.9100000000000004   2.8076379774636537
-0.9800000000000004   1.21225134511749
0.9800000000000004   2.853945038207865
-1.0500000000000005   1.1913946592757145
1.0500000000000005   2.897139188866648
-1.1200000000000006   1.1790964229250145
1.1200000000000006   2.9370953331459826
-1.1900000000000006   1.1762987275297656
1.1900000000000006   2.9736971314924308
-1.2600000000000007   1.1840096109568492
1.2600000000000007   3.006836388121294
-1.3300000000000007   1.2033076737238286
1.3300000000000007   3.0364124809528037
-1.4000000000000008   1.2353470183844968
1.4000000000000008   3.062331831452774
-1.4700000000000009   1.2813625346714117
1.4700000000000009   3.0845074115844135
-1.540000000000001   1.3426755545984106
1.540000000000001   3.1028582852735047
-1.610000000000001   1.4206999034202994
1.610000000000001   3.1173091819710264
-1.680000000000001   1.5169483741597203
1.680000000000001   3.127790100066388
-1.750000000000001   1.6330396553509008
1.750000000000001   3.134235938061741
-1.8200000000000012   1.7707057437254639
1.8200000000000012   3.136586151564086
-1.8900000000000012   1.9317998757862465
1.8900000000000012   3.1347844342879334
-1.9600000000000013   2.118305014591284
1.9600000000000013   3.128778421387778
-2.030000000000001   2.332342930612674
2.030000000000001   3.1185194135573004
-2.100000000000001   2.5761839182555613
2.100000000000001   3.103962120441623
-2.170000000000001   2.852257192533451
2.170000000000001   3.0850644220107095
-2.2400000000000007   3.1631620135107923
2.2400000000000007   3.0617871466366267
-2.3100000000000005   3.511679589456548
2.3100000000000005   3.034093864705396
-2.3800000000000003   3.9007858132185067
2.3800000000000003   3.0019506966760185
-2.45   4.333664890143803
2.45   2.965326134575364
-2.52   4.813723919953869
2.52   2.9241908759884216
-2.59   5.34460849935064
2.59   2.878517669669232
-2.6599999999999997   5.930219416805185
2.6599999999999997   2.8282811719590524
-2.7299999999999995   6.574730515981548
2.7299999999999995   2.773457813255252
-2.7999999999999994   7.282607809600257
2.7999999999999994   2.7140256738273845
-2.869999999999999   8.058629931272275
2.869999999999999   2.6499643683261342
-2.939999999999999   8.907910018961335
2.939999999999999   2.581254938376638
-3.009999999999999   9.835919130288628
3.009999999999999   2.5078797526902736
-3.0799999999999987   10.848511296908832
3.0799999999999987   2.4298224141686213
-3.1499999999999986   11.95195033269245
3.1499999999999986   2.347067673510151
-3.2199999999999984   13.152938518480921
3.2199999999999984   2.259601348864441
-3.2899999999999983   14.458647294774586
3.2899999999999983   2.1674102511105966
-3.359999999999998   15.876750102908808
3.359999999999998   2.0704821143661882
-3.429999999999998   17.415457525112426
3.429999999999998   1.968805531360555
-3.499999999999998   19.083554884370297
3.499999999999998   1.862369893331983
-3.5699999999999976   20.890442476276217
3.5699999999999976   1.7511653341320776
-3.6399999999999975   22.84617861711555
3.6399999999999975   1.6351826782428323
-3.7099999999999973   24.96152570531364
3.7099999999999973   1.5144133924325007
-3.779999999999997   27.247999507185597
3.779999999999997   1.3888495407955592
-3.849999999999997   29.717921892688587
3.849999999999997   1.2584837429398703
-3.919999999999997   32.38447726267679
3.919999999999997   1.1233091351007463
-3.9899999999999967   35.26177292606416
3.9899999999999967   0.9833193339770275
-4.059999999999997   38.36490370338865
4.059999999999997   0.8385084030986358
-4.129999999999997   41.710021052625855
4.129999999999997   0.6888708215483982
-4.1999999999999975   45.314407033809665
4.1999999999999975   0.5344014548733439
-4.269999999999998   49.19655345117634
4.269999999999998   0.37509552803221
-4.339999999999998   53.37624653525869
4.339999999999998   0.2109486002366222
-4.409999999999998   57.874657552726795
4.409999999999998   0.041956541553392235
-4.479999999999999   62.71443975891767
4.479999999999999   -0.13188448885534496
-4.549999999999999   67.91983213704191
4.549999999999999   -0.31057806296880386
-4.619999999999999   73.51677039913484
4.619999999999999   -0.49412750272765393
-4.6899999999999995   79.53300575707428
4.6899999999999995   -0.6825358975367178
-4.76   85.99823200756948
4.76   -0.8758061205424806
-4.83   92.94422151309935
4.83   -1.0739408437711733
-4.9   100.4049707015163
4.9   -1.2769425522071909
-4.970000000000001   108.41685575062245
4.970000000000001   -1.4848135568860206
-5.040000000000001   117.01879917066601
